<shapes type=list>
	<ruler.pixel type=vector names=FALSE length=1 as.numeric=TRUE >112</ruler.pixel>
	<ruler.interval type=vector names=FALSE length=1 as.numeric=TRUE >5</ruler.interval>
	<scaling.units type=vector names=FALSE length=1 as.numeric=FALSE >cm</scaling.units>
	<scaling type=vector names=FALSE length=1 as.numeric=TRUE >0.0446428571428571</scaling>
	<landmarks.pixel type=matrix rownames=TRUE colnames=FALSE nrow=8 ncol=2 as.numeric=TRUE >
		upper_contact_of_premaxilla_rostral	104	391
		projection_of_nasal_edge_lacrimal_contact	288	216
		lower_contact_of_premaxilla_rostral	147	505
		lower_contact_of_premaxilla_maxilla	193	505
		maximum_curvature_point_of_narial_opening_at_caudo_dorsal_edge	167	322
		maximum_curvature_point_of_narial_opening_at_anterio_ventral_edge	137	398
		maximum_curvature_point_of_antorbital_fenestra_at_caudo_dorsal_edge	291	310
		maximum_curvature_point_of_antorbital_fenestra_at_anterio_ventral_edge	288	434
	</landmarks.pixel>
	<landmarks.scaled type=matrix rownames=TRUE colnames=FALSE nrow=8 ncol=2 as.numeric=TRUE >
		upper_contact_of_premaxilla_rostral	4.64285714285714	-17.4553571428571
		projection_of_nasal_edge_lacrimal_contact	12.8571428571429	-9.64285714285714
		lower_contact_of_premaxilla_rostral	6.5625	-22.5446428571429
		lower_contact_of_premaxilla_maxilla	8.61607142857143	-22.5446428571429
		maximum_curvature_point_of_narial_opening_at_caudo_dorsal_edge	7.45535714285714	-14.375
		maximum_curvature_point_of_narial_opening_at_anterio_ventral_edge	6.11607142857143	-17.7678571428571
		maximum_curvature_point_of_antorbital_fenestra_at_caudo_dorsal_edge	12.9910714285714	-13.8392857142857
		maximum_curvature_point_of_antorbital_fenestra_at_anterio_ventral_edge	12.8571428571429	-19.375
	</landmarks.scaled>
	<curves.control type=list>
		<dorsal_edge_of_snout type=matrix rownames=FALSE colnames=FALSE nrow=7 ncol=2 as.numeric=TRUE >
			104	391
			109	364
			141	329
			167	293
			193	272
			234	243
			288	216
		</dorsal_edge_of_snout>
		<ventral_edge_of_snout type=matrix rownames=FALSE colnames=FALSE nrow=5 ncol=2 as.numeric=TRUE >
			147	505
			158	502
			165	503
			176	511
			193	505
		</ventral_edge_of_snout>
		<dorsal_edge_of_narial_opening type=matrix rownames=FALSE colnames=FALSE nrow=5 ncol=2 as.numeric=TRUE >
			137	398
			131	372
			135	363
			147	339
			167	322
		</dorsal_edge_of_narial_opening>
		<ventral_edge_of_narial_opening type=matrix rownames=FALSE colnames=FALSE nrow=7 ncol=2 as.numeric=TRUE >
			167	322
			175	329
			168	352
			166	360
			163	367
			157	400
			137	398
		</ventral_edge_of_narial_opening>
		<dorsal_edge_of_antorbital_fenestra type=matrix rownames=FALSE colnames=FALSE nrow=7 ncol=2 as.numeric=TRUE >
			288	434
			242	392
			251	355
			255	343
			262	323
			274	310
			291	310
		</dorsal_edge_of_antorbital_fenestra>
		<ventral_edge_of_antorbital_fenestra type=matrix rownames=FALSE colnames=FALSE nrow=7 ncol=2 as.numeric=TRUE >
			291	310
			324	310
			328	352
			329	364
			330	377
			326	419
			288	434
		</ventral_edge_of_antorbital_fenestra>
	</curves.control>
	<curves.pixel type=list>
		<dorsal_edge_of_snout type=matrix rownames=FALSE colnames=FALSE nrow=227 ncol=2 as.numeric=TRUE >
			104	391
			104	390
			104	389
			105	388
			105	387
			105	386
			105	385
			106	384
			106	383
			106	382
			107	381
			107	380
			107	379
			108	378
			108	377
			109	376
			109	375
			109	374
			110	373
			110	372
			111	371
			111	370
			112	369
			112	368
			113	367
			113	366
			114	365
			114	364
			115	363
			116	362
			116	361
			117	360
			118	359
			118	358
			119	357
			120	356
			120	355
			121	354
			122	353
			122	352
			123	351
			124	350
			125	349
			125	348
			126	347
			127	346
			128	345
			128	344
			129	343
			129	342
			130	342
			131	341
			131	340
			132	339
			133	338
			134	337
			135	336
			136	335
			137	334
			138	333
			138	332
			139	331
			140	330
			141	329
			142	328
			143	327
			143	326
			144	325
			145	324
			146	323
			146	322
			147	321
			148	320
			149	319
			149	318
			150	317
			151	316
			151	315
			152	314
			153	313
			154	312
			154	311
			155	310
			156	310
			157	309
			157	308
			158	307
			159	306
			160	305
			160	304
			161	303
			162	302
			163	302
			163	301
			164	300
			165	299
			166	298
			166	297
			167	297
			168	296
			169	295
			169	294
			170	293
			171	293
			172	292
			172	291
			173	290
			174	290
			175	289
			175	288
			176	287
			177	287
			178	286
			178	285
			179	284
			180	284
			181	283
			181	282
			182	282
			183	281
			183	280
			184	280
			185	279
			186	278
			187	277
			188	276
			189	275
			190	275
			191	274
			192	273
			193	272
			194	271
			195	270
			196	270
			197	269
			198	269
			199	268
			200	267
			201	266
			202	265
			203	265
			204	264
			205	264
			206	263
			207	262
			208	262
			209	261
			210	261
			211	260
			211	259
			212	259
			213	258
			214	258
			215	257
			216	256
			217	256
			218	255
			219	255
			220	254
			221	253
			222	253
			223	252
			224	252
			225	251
			226	250
			227	250
			228	249
			229	249
			230	248
			231	247
			232	247
			233	246
			234	246
			235	245
			236	244
			237	244
			238	243
			239	243
			240	242
			241	241
			242	241
			243	240
			244	240
			245	239
			246	238
			247	238
			248	237
			249	237
			250	236
			251	235
			252	235
			253	234
			254	234
			255	233
			256	233
			257	232
			258	232
			259	231
			260	231
			261	230
			262	229
			263	229
			264	228
			265	228
			266	227
			267	227
			268	226
			269	226
			270	225
			271	225
			272	224
			273	224
			274	223
			275	223
			276	222
			277	221
			278	221
			279	221
			280	220
			281	220
			282	219
			283	218
			284	218
			285	218
			286	217
			287	217
			288	216
		</dorsal_edge_of_snout>
		<ventral_edge_of_snout type=matrix rownames=FALSE colnames=FALSE nrow=47 ncol=2 as.numeric=TRUE >
			147	505
			148	505
			149	505
			150	504
			151	504
			152	504
			153	504
			154	503
			155	503
			156	503
			157	503
			158	503
			159	503
			160	503
			161	503
			162	503
			163	503
			164	503
			165	503
			166	504
			167	504
			168	505
			169	505
			170	506
			171	506
			172	507
			173	507
			174	507
			175	507
			176	507
			177	507
			178	508
			179	508
			180	508
			181	508
			182	507
			183	507
			184	507
			185	507
			186	507
			187	507
			188	507
			189	506
			190	506
			191	506
			192	505
			193	505
		</ventral_edge_of_snout>
		<dorsal_edge_of_narial_opening type=matrix rownames=FALSE colnames=FALSE nrow=83 ncol=2 as.numeric=TRUE >
			137	398
			137	397
			136	396
			136	395
			136	394
			136	393
			136	392
			135	391
			135	390
			135	389
			135	388
			135	387
			135	386
			134	385
			134	384
			134	383
			134	382
			134	381
			134	380
			134	379
			134	378
			134	377
			133	376
			133	375
			133	374
			133	373
			133	372
			133	371
			133	370
			134	370
			134	369
			134	368
			134	367
			134	366
			134	365
			135	364
			135	363
			136	362
			136	361
			137	360
			137	359
			138	358
			138	357
			139	356
			139	355
			140	354
			140	353
			141	352
			142	351
			143	350
			143	349
			144	348
			144	347
			145	347
			145	346
			146	345
			146	344
			147	343
			148	342
			149	341
			149	340
			150	339
			151	339
			151	338
			152	337
			153	336
			154	335
			155	334
			156	333
			156	332
			157	331
			158	331
			159	330
			159	329
			160	328
			161	327
			162	327
			163	326
			163	325
			164	324
			165	324
			166	323
			167	322
		</dorsal_edge_of_narial_opening>
		<ventral_edge_of_narial_opening type=matrix rownames=FALSE colnames=FALSE nrow=92 ncol=2 as.numeric=TRUE >
			167	322
			168	322
			168	323
			168	324
			169	324
			169	325
			170	325
			170	326
			170	327
			171	328
			171	329
			171	330
			171	331
			171	332
			171	333
			171	334
			171	335
			171	336
			171	337
			171	338
			171	339
			171	340
			171	341
			170	342
			170	343
			170	344
			170	345
			170	346
			169	347
			169	348
			169	349
			169	350
			168	351
			168	352
			168	353
			168	354
			167	355
			167	356
			167	357
			166	358
			166	359
			166	360
			165	361
			165	362
			165	363
			164	364
			164	365
			164	366
			163	367
			163	368
			163	369
			162	370
			162	371
			162	372
			162	373
			161	374
			161	375
			161	376
			161	377
			160	377
			160	378
			160	379
			160	380
			159	381
			159	382
			158	383
			158	384
			157	385
			157	386
			157	387
			156	387
			156	388
			155	389
			155	390
			154	391
			153	392
			152	393
			151	394
			150	395
			149	396
			148	396
			147	396
			146	397
			145	397
			144	397
			143	398
			142	398
			141	398
			140	398
			139	398
			138	398
			137	398
		</ventral_edge_of_narial_opening>
		<dorsal_edge_of_antorbital_fenestra type=matrix rownames=FALSE colnames=FALSE nrow=149 ncol=2 as.numeric=TRUE >
			288	434
			287	433
			286	432
			285	431
			284	430
			283	429
			282	428
			281	427
			280	426
			279	425
			278	425
			277	424
			276	423
			276	422
			275	421
			274	420
			273	419
			272	418
			271	417
			271	416
			270	415
			269	414
			268	413
			268	412
			267	411
			266	411
			266	410
			265	409
			264	408
			264	407
			263	406
			262	405
			262	404
			261	403
			261	402
			260	401
			260	400
			259	400
			259	399
			258	398
			258	397
			257	396
			257	395
			256	394
			256	393
			255	392
			255	391
			254	390
			254	389
			253	388
			253	387
			253	386
			252	385
			252	384
			252	383
			252	382
			251	382
			251	381
			251	380
			251	379
			251	378
			250	377
			250	376
			250	375
			250	374
			250	373
			250	372
			250	371
			250	370
			250	369
			250	368
			250	367
			250	366
			250	365
			250	364
			250	363
			250	362
			250	361
			250	360
			250	359
			250	358
			250	357
			251	356
			251	355
			251	354
			252	353
			252	352
			252	351
			253	350
			253	349
			253	348
			254	347
			254	346
			254	345
			255	344
			255	343
			255	342
			256	341
			256	340
			257	339
			257	338
			257	337
			257	336
			258	335
			258	334
			258	333
			259	332
			259	331
			260	330
			260	329
			260	328
			261	327
			261	326
			261	325
			262	324
			262	323
			263	322
			264	321
			265	320
			266	319
			267	318
			268	317
			269	317
			270	316
			271	316
			271	315
			272	315
			273	315
			273	314
			274	314
			275	313
			276	313
			277	313
			277	312
			278	312
			279	312
			280	312
			280	311
			281	311
			282	311
			283	311
			284	311
			285	310
			286	310
			287	310
			288	310
			289	310
			290	310
			291	310
		</dorsal_edge_of_antorbital_fenestra>
		<ventral_edge_of_antorbital_fenestra type=matrix rownames=FALSE colnames=FALSE nrow=152 ncol=2 as.numeric=TRUE >
			291	310
			292	310
			293	310
			294	310
			295	310
			296	310
			297	310
			298	310
			299	311
			300	311
			301	311
			302	311
			303	312
			304	312
			305	312
			306	313
			307	313
			308	314
			309	314
			310	315
			311	315
			312	316
			313	317
			314	318
			315	319
			316	320
			317	321
			318	322
			318	323
			319	324
			320	325
			321	326
			321	327
			322	328
			322	329
			323	330
			323	331
			323	332
			324	333
			324	334
			325	335
			325	336
			325	337
			325	338
			326	338
			326	339
			326	340
			326	341
			327	342
			327	343
			327	344
			327	345
			327	346
			327	347
			328	348
			328	349
			328	350
			328	351
			328	352
			328	353
			328	354
			328	355
			328	356
			328	357
			329	358
			329	359
			329	360
			329	361
			329	362
			329	363
			329	364
			329	365
			329	366
			329	367
			329	368
			329	369
			329	370
			330	371
			330	372
			330	373
			330	374
			330	375
			330	376
			330	377
			330	378
			330	379
			330	380
			330	381
			329	382
			329	383
			329	384
			329	385
			329	386
			328	387
			328	388
			328	389
			328	390
			327	391
			327	392
			327	393
			327	394
			326	395
			326	396
			326	397
			325	398
			325	399
			324	400
			324	401
			323	402
			323	403
			322	404
			322	405
			321	406
			321	407
			320	408
			320	409
			319	410
			318	411
			318	412
			317	413
			316	414
			315	415
			314	416
			313	417
			312	418
			312	419
			311	420
			310	421
			309	422
			308	423
			307	423
			306	424
			305	425
			304	425
			304	426
			303	426
			302	427
			301	428
			300	428
			299	429
			298	429
			297	430
			296	430
			296	431
			295	431
			294	431
			293	432
			292	432
			291	433
			290	433
			289	434
			288	434
		</ventral_edge_of_antorbital_fenestra>
	</curves.pixel>
	<curves.scaled type=list>
		<dorsal_edge_of_snout type=matrix rownames=FALSE colnames=FALSE nrow=227 ncol=2 as.numeric=TRUE >
			4.64285714285714	-17.4553571428571
			4.64285714285714	-17.4107142857143
			4.64285714285714	-17.3660714285714
			4.6875	-17.3214285714286
			4.6875	-17.2767857142857
			4.6875	-17.2321428571429
			4.6875	-17.1875
			4.73214285714286	-17.1428571428571
			4.73214285714286	-17.0982142857143
			4.73214285714286	-17.0535714285714
			4.77678571428571	-17.0089285714286
			4.77678571428571	-16.9642857142857
			4.77678571428571	-16.9196428571429
			4.82142857142857	-16.875
			4.82142857142857	-16.8303571428571
			4.86607142857143	-16.7857142857143
			4.86607142857143	-16.7410714285714
			4.86607142857143	-16.6964285714286
			4.91071428571429	-16.6517857142857
			4.91071428571429	-16.6071428571429
			4.95535714285714	-16.5625
			4.95535714285714	-16.5178571428571
			5	-16.4732142857143
			5	-16.4285714285714
			5.04464285714286	-16.3839285714286
			5.04464285714286	-16.3392857142857
			5.08928571428571	-16.2946428571429
			5.08928571428571	-16.25
			5.13392857142857	-16.2053571428571
			5.17857142857143	-16.1607142857143
			5.17857142857143	-16.1160714285714
			5.22321428571429	-16.0714285714286
			5.26785714285714	-16.0267857142857
			5.26785714285714	-15.9821428571429
			5.3125	-15.9375
			5.35714285714286	-15.8928571428571
			5.35714285714286	-15.8482142857143
			5.40178571428571	-15.8035714285714
			5.44642857142857	-15.7589285714286
			5.44642857142857	-15.7142857142857
			5.49107142857143	-15.6696428571429
			5.53571428571429	-15.625
			5.58035714285714	-15.5803571428571
			5.58035714285714	-15.5357142857143
			5.625	-15.4910714285714
			5.66964285714286	-15.4464285714286
			5.71428571428571	-15.4017857142857
			5.71428571428571	-15.3571428571429
			5.75892857142857	-15.3125
			5.75892857142857	-15.2678571428571
			5.80357142857143	-15.2678571428571
			5.84821428571429	-15.2232142857143
			5.84821428571429	-15.1785714285714
			5.89285714285714	-15.1339285714286
			5.9375	-15.0892857142857
			5.98214285714286	-15.0446428571429
			6.02678571428571	-15
			6.07142857142857	-14.9553571428571
			6.11607142857143	-14.9107142857143
			6.16071428571429	-14.8660714285714
			6.16071428571429	-14.8214285714286
			6.20535714285714	-14.7767857142857
			6.25	-14.7321428571429
			6.29464285714286	-14.6875
			6.33928571428571	-14.6428571428571
			6.38392857142857	-14.5982142857143
			6.38392857142857	-14.5535714285714
			6.42857142857143	-14.5089285714286
			6.47321428571429	-14.4642857142857
			6.51785714285714	-14.4196428571429
			6.51785714285714	-14.375
			6.5625	-14.3303571428571
			6.60714285714286	-14.2857142857143
			6.65178571428571	-14.2410714285714
			6.65178571428571	-14.1964285714286
			6.69642857142857	-14.1517857142857
			6.74107142857143	-14.1071428571429
			6.74107142857143	-14.0625
			6.78571428571429	-14.0178571428571
			6.83035714285714	-13.9732142857143
			6.875	-13.9285714285714
			6.875	-13.8839285714286
			6.91964285714286	-13.8392857142857
			6.96428571428571	-13.8392857142857
			7.00892857142857	-13.7946428571429
			7.00892857142857	-13.75
			7.05357142857143	-13.7053571428571
			7.09821428571429	-13.6607142857143
			7.14285714285714	-13.6160714285714
			7.14285714285714	-13.5714285714286
			7.1875	-13.5267857142857
			7.23214285714286	-13.4821428571429
			7.27678571428571	-13.4821428571429
			7.27678571428571	-13.4375
			7.32142857142857	-13.3928571428571
			7.36607142857143	-13.3482142857143
			7.41071428571429	-13.3035714285714
			7.41071428571429	-13.2589285714286
			7.45535714285714	-13.2589285714286
			7.5	-13.2142857142857
			7.54464285714286	-13.1696428571429
			7.54464285714286	-13.125
			7.58928571428571	-13.0803571428571
			7.63392857142857	-13.0803571428571
			7.67857142857143	-13.0357142857143
			7.67857142857143	-12.9910714285714
			7.72321428571429	-12.9464285714286
			7.76785714285714	-12.9464285714286
			7.8125	-12.9017857142857
			7.8125	-12.8571428571429
			7.85714285714286	-12.8125
			7.90178571428571	-12.8125
			7.94642857142857	-12.7678571428571
			7.94642857142857	-12.7232142857143
			7.99107142857143	-12.6785714285714
			8.03571428571429	-12.6785714285714
			8.08035714285714	-12.6339285714286
			8.08035714285714	-12.5892857142857
			8.125	-12.5892857142857
			8.16964285714286	-12.5446428571429
			8.16964285714286	-12.5
			8.21428571428572	-12.5
			8.25892857142857	-12.4553571428571
			8.30357142857143	-12.4107142857143
			8.34821428571429	-12.3660714285714
			8.39285714285714	-12.3214285714286
			8.4375	-12.2767857142857
			8.48214285714286	-12.2767857142857
			8.52678571428572	-12.2321428571429
			8.57142857142857	-12.1875
			8.61607142857143	-12.1428571428571
			8.66071428571429	-12.0982142857143
			8.70535714285714	-12.0535714285714
			8.75	-12.0535714285714
			8.79464285714286	-12.0089285714286
			8.83928571428572	-12.0089285714286
			8.88392857142857	-11.9642857142857
			8.92857142857143	-11.9196428571429
			8.97321428571429	-11.875
			9.01785714285714	-11.8303571428571
			9.0625	-11.8303571428571
			9.10714285714286	-11.7857142857143
			9.15178571428572	-11.7857142857143
			9.19642857142857	-11.7410714285714
			9.24107142857143	-11.6964285714286
			9.28571428571429	-11.6964285714286
			9.33035714285714	-11.6517857142857
			9.375	-11.6517857142857
			9.41964285714286	-11.6071428571429
			9.41964285714286	-11.5625
			9.46428571428572	-11.5625
			9.50892857142857	-11.5178571428571
			9.55357142857143	-11.5178571428571
			9.59821428571429	-11.4732142857143
			9.64285714285714	-11.4285714285714
			9.6875	-11.4285714285714
			9.73214285714286	-11.3839285714286
			9.77678571428572	-11.3839285714286
			9.82142857142857	-11.3392857142857
			9.86607142857143	-11.2946428571429
			9.91071428571429	-11.2946428571429
			9.95535714285714	-11.25
			10	-11.25
			10.0446428571429	-11.2053571428571
			10.0892857142857	-11.1607142857143
			10.1339285714286	-11.1607142857143
			10.1785714285714	-11.1160714285714
			10.2232142857143	-11.1160714285714
			10.2678571428571	-11.0714285714286
			10.3125	-11.0267857142857
			10.3571428571429	-11.0267857142857
			10.4017857142857	-10.9821428571429
			10.4464285714286	-10.9821428571429
			10.4910714285714	-10.9375
			10.5357142857143	-10.8928571428571
			10.5803571428571	-10.8928571428571
			10.625	-10.8482142857143
			10.6696428571429	-10.8482142857143
			10.7142857142857	-10.8035714285714
			10.7589285714286	-10.7589285714286
			10.8035714285714	-10.7589285714286
			10.8482142857143	-10.7142857142857
			10.8928571428571	-10.7142857142857
			10.9375	-10.6696428571429
			10.9821428571429	-10.625
			11.0267857142857	-10.625
			11.0714285714286	-10.5803571428571
			11.1160714285714	-10.5803571428571
			11.1607142857143	-10.5357142857143
			11.2053571428571	-10.4910714285714
			11.25	-10.4910714285714
			11.2946428571429	-10.4464285714286
			11.3392857142857	-10.4464285714286
			11.3839285714286	-10.4017857142857
			11.4285714285714	-10.4017857142857
			11.4732142857143	-10.3571428571429
			11.5178571428571	-10.3571428571429
			11.5625	-10.3125
			11.6071428571429	-10.3125
			11.6517857142857	-10.2678571428571
			11.6964285714286	-10.2232142857143
			11.7410714285714	-10.2232142857143
			11.7857142857143	-10.1785714285714
			11.8303571428571	-10.1785714285714
			11.875	-10.1339285714286
			11.9196428571429	-10.1339285714286
			11.9642857142857	-10.0892857142857
			12.0089285714286	-10.0892857142857
			12.0535714285714	-10.0446428571429
			12.0982142857143	-10.0446428571429
			12.1428571428571	-10
			12.1875	-10
			12.2321428571429	-9.95535714285714
			12.2767857142857	-9.95535714285714
			12.3214285714286	-9.91071428571429
			12.3660714285714	-9.86607142857143
			12.4107142857143	-9.86607142857143
			12.4553571428571	-9.86607142857143
			12.5	-9.82142857142857
			12.5446428571429	-9.82142857142857
			12.5892857142857	-9.77678571428572
			12.6339285714286	-9.73214285714286
			12.6785714285714	-9.73214285714286
			12.7232142857143	-9.73214285714286
			12.7678571428571	-9.6875
			12.8125	-9.6875
			12.8571428571429	-9.64285714285714
		</dorsal_edge_of_snout>
		<ventral_edge_of_snout type=matrix rownames=FALSE colnames=FALSE nrow=47 ncol=2 as.numeric=TRUE >
			6.5625	-22.5446428571429
			6.60714285714286	-22.5446428571429
			6.65178571428571	-22.5446428571429
			6.69642857142857	-22.5
			6.74107142857143	-22.5
			6.78571428571429	-22.5
			6.83035714285714	-22.5
			6.875	-22.4553571428571
			6.91964285714286	-22.4553571428571
			6.96428571428571	-22.4553571428571
			7.00892857142857	-22.4553571428571
			7.05357142857143	-22.4553571428571
			7.09821428571429	-22.4553571428571
			7.14285714285714	-22.4553571428571
			7.1875	-22.4553571428571
			7.23214285714286	-22.4553571428571
			7.27678571428571	-22.4553571428571
			7.32142857142857	-22.4553571428571
			7.36607142857143	-22.4553571428571
			7.41071428571429	-22.5
			7.45535714285714	-22.5
			7.5	-22.5446428571429
			7.54464285714286	-22.5446428571429
			7.58928571428571	-22.5892857142857
			7.63392857142857	-22.5892857142857
			7.67857142857143	-22.6339285714286
			7.72321428571429	-22.6339285714286
			7.76785714285714	-22.6339285714286
			7.8125	-22.6339285714286
			7.85714285714286	-22.6339285714286
			7.90178571428571	-22.6339285714286
			7.94642857142857	-22.6785714285714
			7.99107142857143	-22.6785714285714
			8.03571428571429	-22.6785714285714
			8.08035714285714	-22.6785714285714
			8.125	-22.6339285714286
			8.16964285714286	-22.6339285714286
			8.21428571428572	-22.6339285714286
			8.25892857142857	-22.6339285714286
			8.30357142857143	-22.6339285714286
			8.34821428571429	-22.6339285714286
			8.39285714285714	-22.6339285714286
			8.4375	-22.5892857142857
			8.48214285714286	-22.5892857142857
			8.52678571428572	-22.5892857142857
			8.57142857142857	-22.5446428571429
			8.61607142857143	-22.5446428571429
		</ventral_edge_of_snout>
		<dorsal_edge_of_narial_opening type=matrix rownames=FALSE colnames=FALSE nrow=83 ncol=2 as.numeric=TRUE >
			6.11607142857143	-17.7678571428571
			6.11607142857143	-17.7232142857143
			6.07142857142857	-17.6785714285714
			6.07142857142857	-17.6339285714286
			6.07142857142857	-17.5892857142857
			6.07142857142857	-17.5446428571429
			6.07142857142857	-17.5
			6.02678571428571	-17.4553571428571
			6.02678571428571	-17.4107142857143
			6.02678571428571	-17.3660714285714
			6.02678571428571	-17.3214285714286
			6.02678571428571	-17.2767857142857
			6.02678571428571	-17.2321428571429
			5.98214285714286	-17.1875
			5.98214285714286	-17.1428571428571
			5.98214285714286	-17.0982142857143
			5.98214285714286	-17.0535714285714
			5.98214285714286	-17.0089285714286
			5.98214285714286	-16.9642857142857
			5.98214285714286	-16.9196428571429
			5.98214285714286	-16.875
			5.98214285714286	-16.8303571428571
			5.9375	-16.7857142857143
			5.9375	-16.7410714285714
			5.9375	-16.6964285714286
			5.9375	-16.6517857142857
			5.9375	-16.6071428571429
			5.9375	-16.5625
			5.9375	-16.5178571428571
			5.98214285714286	-16.5178571428571
			5.98214285714286	-16.4732142857143
			5.98214285714286	-16.4285714285714
			5.98214285714286	-16.3839285714286
			5.98214285714286	-16.3392857142857
			5.98214285714286	-16.2946428571429
			6.02678571428571	-16.25
			6.02678571428571	-16.2053571428571
			6.07142857142857	-16.1607142857143
			6.07142857142857	-16.1160714285714
			6.11607142857143	-16.0714285714286
			6.11607142857143	-16.0267857142857
			6.16071428571429	-15.9821428571429
			6.16071428571429	-15.9375
			6.20535714285714	-15.8928571428571
			6.20535714285714	-15.8482142857143
			6.25	-15.8035714285714
			6.25	-15.7589285714286
			6.29464285714286	-15.7142857142857
			6.33928571428571	-15.6696428571429
			6.38392857142857	-15.625
			6.38392857142857	-15.5803571428571
			6.42857142857143	-15.5357142857143
			6.42857142857143	-15.4910714285714
			6.47321428571429	-15.4910714285714
			6.47321428571429	-15.4464285714286
			6.51785714285714	-15.4017857142857
			6.51785714285714	-15.3571428571429
			6.5625	-15.3125
			6.60714285714286	-15.2678571428571
			6.65178571428571	-15.2232142857143
			6.65178571428571	-15.1785714285714
			6.69642857142857	-15.1339285714286
			6.74107142857143	-15.1339285714286
			6.74107142857143	-15.0892857142857
			6.78571428571429	-15.0446428571429
			6.83035714285714	-15
			6.875	-14.9553571428571
			6.91964285714286	-14.9107142857143
			6.96428571428571	-14.8660714285714
			6.96428571428571	-14.8214285714286
			7.00892857142857	-14.7767857142857
			7.05357142857143	-14.7767857142857
			7.09821428571429	-14.7321428571429
			7.09821428571429	-14.6875
			7.14285714285714	-14.6428571428571
			7.1875	-14.5982142857143
			7.23214285714286	-14.5982142857143
			7.27678571428571	-14.5535714285714
			7.27678571428571	-14.5089285714286
			7.32142857142857	-14.4642857142857
			7.36607142857143	-14.4642857142857
			7.41071428571429	-14.4196428571429
			7.45535714285714	-14.375
		</dorsal_edge_of_narial_opening>
		<ventral_edge_of_narial_opening type=matrix rownames=FALSE colnames=FALSE nrow=92 ncol=2 as.numeric=TRUE >
			7.45535714285714	-14.375
			7.5	-14.375
			7.5	-14.4196428571429
			7.5	-14.4642857142857
			7.54464285714286	-14.4642857142857
			7.54464285714286	-14.5089285714286
			7.58928571428571	-14.5089285714286
			7.58928571428571	-14.5535714285714
			7.58928571428571	-14.5982142857143
			7.63392857142857	-14.6428571428571
			7.63392857142857	-14.6875
			7.63392857142857	-14.7321428571429
			7.63392857142857	-14.7767857142857
			7.63392857142857	-14.8214285714286
			7.63392857142857	-14.8660714285714
			7.63392857142857	-14.9107142857143
			7.63392857142857	-14.9553571428571
			7.63392857142857	-15
			7.63392857142857	-15.0446428571429
			7.63392857142857	-15.0892857142857
			7.63392857142857	-15.1339285714286
			7.63392857142857	-15.1785714285714
			7.63392857142857	-15.2232142857143
			7.58928571428571	-15.2678571428571
			7.58928571428571	-15.3125
			7.58928571428571	-15.3571428571429
			7.58928571428571	-15.4017857142857
			7.58928571428571	-15.4464285714286
			7.54464285714286	-15.4910714285714
			7.54464285714286	-15.5357142857143
			7.54464285714286	-15.5803571428571
			7.54464285714286	-15.625
			7.5	-15.6696428571429
			7.5	-15.7142857142857
			7.5	-15.7589285714286
			7.5	-15.8035714285714
			7.45535714285714	-15.8482142857143
			7.45535714285714	-15.8928571428571
			7.45535714285714	-15.9375
			7.41071428571429	-15.9821428571429
			7.41071428571429	-16.0267857142857
			7.41071428571429	-16.0714285714286
			7.36607142857143	-16.1160714285714
			7.36607142857143	-16.1607142857143
			7.36607142857143	-16.2053571428571
			7.32142857142857	-16.25
			7.32142857142857	-16.2946428571429
			7.32142857142857	-16.3392857142857
			7.27678571428571	-16.3839285714286
			7.27678571428571	-16.4285714285714
			7.27678571428571	-16.4732142857143
			7.23214285714286	-16.5178571428571
			7.23214285714286	-16.5625
			7.23214285714286	-16.6071428571429
			7.23214285714286	-16.6517857142857
			7.1875	-16.6964285714286
			7.1875	-16.7410714285714
			7.1875	-16.7857142857143
			7.1875	-16.8303571428571
			7.14285714285714	-16.8303571428571
			7.14285714285714	-16.875
			7.14285714285714	-16.9196428571429
			7.14285714285714	-16.9642857142857
			7.09821428571429	-17.0089285714286
			7.09821428571429	-17.0535714285714
			7.05357142857143	-17.0982142857143
			7.05357142857143	-17.1428571428571
			7.00892857142857	-17.1875
			7.00892857142857	-17.2321428571429
			7.00892857142857	-17.2767857142857
			6.96428571428571	-17.2767857142857
			6.96428571428571	-17.3214285714286
			6.91964285714286	-17.3660714285714
			6.91964285714286	-17.4107142857143
			6.875	-17.4553571428571
			6.83035714285714	-17.5
			6.78571428571429	-17.5446428571429
			6.74107142857143	-17.5892857142857
			6.69642857142857	-17.6339285714286
			6.65178571428571	-17.6785714285714
			6.60714285714286	-17.6785714285714
			6.5625	-17.6785714285714
			6.51785714285714	-17.7232142857143
			6.47321428571429	-17.7232142857143
			6.42857142857143	-17.7232142857143
			6.38392857142857	-17.7678571428571
			6.33928571428571	-17.7678571428571
			6.29464285714286	-17.7678571428571
			6.25	-17.7678571428571
			6.20535714285714	-17.7678571428571
			6.16071428571429	-17.7678571428571
			6.11607142857143	-17.7678571428571
		</ventral_edge_of_narial_opening>
		<dorsal_edge_of_antorbital_fenestra type=matrix rownames=FALSE colnames=FALSE nrow=149 ncol=2 as.numeric=TRUE >
			12.8571428571429	-19.375
			12.8125	-19.3303571428571
			12.7678571428571	-19.2857142857143
			12.7232142857143	-19.2410714285714
			12.6785714285714	-19.1964285714286
			12.6339285714286	-19.1517857142857
			12.5892857142857	-19.1071428571429
			12.5446428571429	-19.0625
			12.5	-19.0178571428571
			12.4553571428571	-18.9732142857143
			12.4107142857143	-18.9732142857143
			12.3660714285714	-18.9285714285714
			12.3214285714286	-18.8839285714286
			12.3214285714286	-18.8392857142857
			12.2767857142857	-18.7946428571429
			12.2321428571429	-18.75
			12.1875	-18.7053571428571
			12.1428571428571	-18.6607142857143
			12.0982142857143	-18.6160714285714
			12.0982142857143	-18.5714285714286
			12.0535714285714	-18.5267857142857
			12.0089285714286	-18.4821428571429
			11.9642857142857	-18.4375
			11.9642857142857	-18.3928571428571
			11.9196428571429	-18.3482142857143
			11.875	-18.3482142857143
			11.875	-18.3035714285714
			11.8303571428571	-18.2589285714286
			11.7857142857143	-18.2142857142857
			11.7857142857143	-18.1696428571429
			11.7410714285714	-18.125
			11.6964285714286	-18.0803571428571
			11.6964285714286	-18.0357142857143
			11.6517857142857	-17.9910714285714
			11.6517857142857	-17.9464285714286
			11.6071428571429	-17.9017857142857
			11.6071428571429	-17.8571428571429
			11.5625	-17.8571428571429
			11.5625	-17.8125
			11.5178571428571	-17.7678571428571
			11.5178571428571	-17.7232142857143
			11.4732142857143	-17.6785714285714
			11.4732142857143	-17.6339285714286
			11.4285714285714	-17.5892857142857
			11.4285714285714	-17.5446428571429
			11.3839285714286	-17.5
			11.3839285714286	-17.4553571428571
			11.3392857142857	-17.4107142857143
			11.3392857142857	-17.3660714285714
			11.2946428571429	-17.3214285714286
			11.2946428571429	-17.2767857142857
			11.2946428571429	-17.2321428571429
			11.25	-17.1875
			11.25	-17.1428571428571
			11.25	-17.0982142857143
			11.25	-17.0535714285714
			11.2053571428571	-17.0535714285714
			11.2053571428571	-17.0089285714286
			11.2053571428571	-16.9642857142857
			11.2053571428571	-16.9196428571429
			11.2053571428571	-16.875
			11.1607142857143	-16.8303571428571
			11.1607142857143	-16.7857142857143
			11.1607142857143	-16.7410714285714
			11.1607142857143	-16.6964285714286
			11.1607142857143	-16.6517857142857
			11.1607142857143	-16.6071428571429
			11.1607142857143	-16.5625
			11.1607142857143	-16.5178571428571
			11.1607142857143	-16.4732142857143
			11.1607142857143	-16.4285714285714
			11.1607142857143	-16.3839285714286
			11.1607142857143	-16.3392857142857
			11.1607142857143	-16.2946428571429
			11.1607142857143	-16.25
			11.1607142857143	-16.2053571428571
			11.1607142857143	-16.1607142857143
			11.1607142857143	-16.1160714285714
			11.1607142857143	-16.0714285714286
			11.1607142857143	-16.0267857142857
			11.1607142857143	-15.9821428571429
			11.1607142857143	-15.9375
			11.2053571428571	-15.8928571428571
			11.2053571428571	-15.8482142857143
			11.2053571428571	-15.8035714285714
			11.25	-15.7589285714286
			11.25	-15.7142857142857
			11.25	-15.6696428571429
			11.2946428571429	-15.625
			11.2946428571429	-15.5803571428571
			11.2946428571429	-15.5357142857143
			11.3392857142857	-15.4910714285714
			11.3392857142857	-15.4464285714286
			11.3392857142857	-15.4017857142857
			11.3839285714286	-15.3571428571429
			11.3839285714286	-15.3125
			11.3839285714286	-15.2678571428571
			11.4285714285714	-15.2232142857143
			11.4285714285714	-15.1785714285714
			11.4732142857143	-15.1339285714286
			11.4732142857143	-15.0892857142857
			11.4732142857143	-15.0446428571429
			11.4732142857143	-15
			11.5178571428571	-14.9553571428571
			11.5178571428571	-14.9107142857143
			11.5178571428571	-14.8660714285714
			11.5625	-14.8214285714286
			11.5625	-14.7767857142857
			11.6071428571429	-14.7321428571429
			11.6071428571429	-14.6875
			11.6071428571429	-14.6428571428571
			11.6517857142857	-14.5982142857143
			11.6517857142857	-14.5535714285714
			11.6517857142857	-14.5089285714286
			11.6964285714286	-14.4642857142857
			11.6964285714286	-14.4196428571429
			11.7410714285714	-14.375
			11.7857142857143	-14.3303571428571
			11.8303571428571	-14.2857142857143
			11.875	-14.2410714285714
			11.9196428571429	-14.1964285714286
			11.9642857142857	-14.1517857142857
			12.0089285714286	-14.1517857142857
			12.0535714285714	-14.1071428571429
			12.0982142857143	-14.1071428571429
			12.0982142857143	-14.0625
			12.1428571428571	-14.0625
			12.1875	-14.0625
			12.1875	-14.0178571428571
			12.2321428571429	-14.0178571428571
			12.2767857142857	-13.9732142857143
			12.3214285714286	-13.9732142857143
			12.3660714285714	-13.9732142857143
			12.3660714285714	-13.9285714285714
			12.4107142857143	-13.9285714285714
			12.4553571428571	-13.9285714285714
			12.5	-13.9285714285714
			12.5	-13.8839285714286
			12.5446428571429	-13.8839285714286
			12.5892857142857	-13.8839285714286
			12.6339285714286	-13.8839285714286
			12.6785714285714	-13.8839285714286
			12.7232142857143	-13.8392857142857
			12.7678571428571	-13.8392857142857
			12.8125	-13.8392857142857
			12.8571428571429	-13.8392857142857
			12.9017857142857	-13.8392857142857
			12.9464285714286	-13.8392857142857
			12.9910714285714	-13.8392857142857
		</dorsal_edge_of_antorbital_fenestra>
		<ventral_edge_of_antorbital_fenestra type=matrix rownames=FALSE colnames=FALSE nrow=152 ncol=2 as.numeric=TRUE >
			12.9910714285714	-13.8392857142857
			13.0357142857143	-13.8392857142857
			13.0803571428571	-13.8392857142857
			13.125	-13.8392857142857
			13.1696428571429	-13.8392857142857
			13.2142857142857	-13.8392857142857
			13.2589285714286	-13.8392857142857
			13.3035714285714	-13.8392857142857
			13.3482142857143	-13.8839285714286
			13.3928571428571	-13.8839285714286
			13.4375	-13.8839285714286
			13.4821428571429	-13.8839285714286
			13.5267857142857	-13.9285714285714
			13.5714285714286	-13.9285714285714
			13.6160714285714	-13.9285714285714
			13.6607142857143	-13.9732142857143
			13.7053571428571	-13.9732142857143
			13.75	-14.0178571428571
			13.7946428571429	-14.0178571428571
			13.8392857142857	-14.0625
			13.8839285714286	-14.0625
			13.9285714285714	-14.1071428571429
			13.9732142857143	-14.1517857142857
			14.0178571428571	-14.1964285714286
			14.0625	-14.2410714285714
			14.1071428571429	-14.2857142857143
			14.1517857142857	-14.3303571428571
			14.1964285714286	-14.375
			14.1964285714286	-14.4196428571429
			14.2410714285714	-14.4642857142857
			14.2857142857143	-14.5089285714286
			14.3303571428571	-14.5535714285714
			14.3303571428571	-14.5982142857143
			14.375	-14.6428571428571
			14.375	-14.6875
			14.4196428571429	-14.7321428571429
			14.4196428571429	-14.7767857142857
			14.4196428571429	-14.8214285714286
			14.4642857142857	-14.8660714285714
			14.4642857142857	-14.9107142857143
			14.5089285714286	-14.9553571428571
			14.5089285714286	-15
			14.5089285714286	-15.0446428571429
			14.5089285714286	-15.0892857142857
			14.5535714285714	-15.0892857142857
			14.5535714285714	-15.1339285714286
			14.5535714285714	-15.1785714285714
			14.5535714285714	-15.2232142857143
			14.5982142857143	-15.2678571428571
			14.5982142857143	-15.3125
			14.5982142857143	-15.3571428571429
			14.5982142857143	-15.4017857142857
			14.5982142857143	-15.4464285714286
			14.5982142857143	-15.4910714285714
			14.6428571428571	-15.5357142857143
			14.6428571428571	-15.5803571428571
			14.6428571428571	-15.625
			14.6428571428571	-15.6696428571429
			14.6428571428571	-15.7142857142857
			14.6428571428571	-15.7589285714286
			14.6428571428571	-15.8035714285714
			14.6428571428571	-15.8482142857143
			14.6428571428571	-15.8928571428571
			14.6428571428571	-15.9375
			14.6875	-15.9821428571429
			14.6875	-16.0267857142857
			14.6875	-16.0714285714286
			14.6875	-16.1160714285714
			14.6875	-16.1607142857143
			14.6875	-16.2053571428571
			14.6875	-16.25
			14.6875	-16.2946428571429
			14.6875	-16.3392857142857
			14.6875	-16.3839285714286
			14.6875	-16.4285714285714
			14.6875	-16.4732142857143
			14.6875	-16.5178571428571
			14.7321428571429	-16.5625
			14.7321428571429	-16.6071428571429
			14.7321428571429	-16.6517857142857
			14.7321428571429	-16.6964285714286
			14.7321428571429	-16.7410714285714
			14.7321428571429	-16.7857142857143
			14.7321428571429	-16.8303571428571
			14.7321428571429	-16.875
			14.7321428571429	-16.9196428571429
			14.7321428571429	-16.9642857142857
			14.7321428571429	-17.0089285714286
			14.6875	-17.0535714285714
			14.6875	-17.0982142857143
			14.6875	-17.1428571428571
			14.6875	-17.1875
			14.6875	-17.2321428571429
			14.6428571428571	-17.2767857142857
			14.6428571428571	-17.3214285714286
			14.6428571428571	-17.3660714285714
			14.6428571428571	-17.4107142857143
			14.5982142857143	-17.4553571428571
			14.5982142857143	-17.5
			14.5982142857143	-17.5446428571429
			14.5982142857143	-17.5892857142857
			14.5535714285714	-17.6339285714286
			14.5535714285714	-17.6785714285714
			14.5535714285714	-17.7232142857143
			14.5089285714286	-17.7678571428571
			14.5089285714286	-17.8125
			14.4642857142857	-17.8571428571429
			14.4642857142857	-17.9017857142857
			14.4196428571429	-17.9464285714286
			14.4196428571429	-17.9910714285714
			14.375	-18.0357142857143
			14.375	-18.0803571428571
			14.3303571428571	-18.125
			14.3303571428571	-18.1696428571429
			14.2857142857143	-18.2142857142857
			14.2857142857143	-18.2589285714286
			14.2410714285714	-18.3035714285714
			14.1964285714286	-18.3482142857143
			14.1964285714286	-18.3928571428571
			14.1517857142857	-18.4375
			14.1071428571429	-18.4821428571429
			14.0625	-18.5267857142857
			14.0178571428571	-18.5714285714286
			13.9732142857143	-18.6160714285714
			13.9285714285714	-18.6607142857143
			13.9285714285714	-18.7053571428571
			13.8839285714286	-18.75
			13.8392857142857	-18.7946428571429
			13.7946428571429	-18.8392857142857
			13.75	-18.8839285714286
			13.7053571428571	-18.8839285714286
			13.6607142857143	-18.9285714285714
			13.6160714285714	-18.9732142857143
			13.5714285714286	-18.9732142857143
			13.5714285714286	-19.0178571428571
			13.5267857142857	-19.0178571428571
			13.4821428571429	-19.0625
			13.4375	-19.1071428571429
			13.3928571428571	-19.1071428571429
			13.3482142857143	-19.1517857142857
			13.3035714285714	-19.1517857142857
			13.2589285714286	-19.1964285714286
			13.2142857142857	-19.1964285714286
			13.2142857142857	-19.2410714285714
			13.1696428571429	-19.2410714285714
			13.125	-19.2410714285714
			13.0803571428571	-19.2857142857143
			13.0357142857143	-19.2857142857143
			12.9910714285714	-19.3303571428571
			12.9464285714286	-19.3303571428571
			12.9017857142857	-19.375
			12.8571428571429	-19.375
		</ventral_edge_of_antorbital_fenestra>
	</curves.scaled>
	<ruler.points type=matrix rownames=TRUE colnames=FALSE nrow=2 ncol=2 as.numeric=TRUE >
		Ruler point 1	79	553
		Ruler point 2	191	553
	</ruler.points>
</shapes>

