<shapes type=list>
	<ruler.pixel type=vector names=FALSE length=1 as.numeric=TRUE >30</ruler.pixel>
	<ruler.interval type=vector names=FALSE length=1 as.numeric=TRUE >10</ruler.interval>
	<scaling.units type=vector names=FALSE length=1 as.numeric=FALSE >cm</scaling.units>
	<scaling type=vector names=FALSE length=1 as.numeric=TRUE >0.333333333333333</scaling>
	<landmarks.pixel type=matrix rownames=TRUE colnames=FALSE nrow=8 ncol=2 as.numeric=TRUE >
		upper_contact_of_premaxilla_rostral	95	242
		projection_of_nasal_edge_lacrimal_contact	275	148
		lower_contact_of_premaxilla_rostral	108	299
		lower_contact_of_premaxilla_maxilla	165	290
		maximum_curvature_point_of_narial_opening_at_caudo_dorsal_edge	193	231
		maximum_curvature_point_of_narial_opening_at_anterio_ventral_edge	79	278
		maximum_curvature_point_of_antorbital_fenestra_at_caudo_dorsal_edge	228	232
		maximum_curvature_point_of_antorbital_fenestra_at_anterio_ventral_edge	215	240
	</landmarks.pixel>
	<landmarks.scaled type=matrix rownames=TRUE colnames=FALSE nrow=8 ncol=2 as.numeric=TRUE >
		upper_contact_of_premaxilla_rostral	31.6666666666667	-80.6666666666667
		projection_of_nasal_edge_lacrimal_contact	91.6666666666667	-49.3333333333333
		lower_contact_of_premaxilla_rostral	36	-99.6666666666667
		lower_contact_of_premaxilla_maxilla	55	-96.6666666666667
		maximum_curvature_point_of_narial_opening_at_caudo_dorsal_edge	64.3333333333333	-77
		maximum_curvature_point_of_narial_opening_at_anterio_ventral_edge	26.3333333333333	-92.6666666666667
		maximum_curvature_point_of_antorbital_fenestra_at_caudo_dorsal_edge	76	-77.3333333333333
		maximum_curvature_point_of_antorbital_fenestra_at_anterio_ventral_edge	71.6666666666667	-80
	</landmarks.scaled>
	<curves.control type=list>
		<dorsal_edge_of_snout type=matrix rownames=FALSE colnames=FALSE nrow=9 ncol=2 as.numeric=TRUE >
			95	242
			70	207
			66	194
			63	180
			81	187
			117	204
			159	205
			246	193
			275	148
		</dorsal_edge_of_snout>
		<ventral_edge_of_snout type=matrix rownames=FALSE colnames=FALSE nrow=5 ncol=2 as.numeric=TRUE >
			108	299
			132	305
			156	290
			161	289
			165	290
		</ventral_edge_of_snout>
		<dorsal_edge_of_narial_opening type=matrix rownames=FALSE colnames=FALSE nrow=11 ncol=2 as.numeric=TRUE >
			79	278
			73	259
			107	255
			110	241
			115	235
			126	222
			146	227
			164	219
			183	222
			192	225
			193	231
		</dorsal_edge_of_narial_opening>
		<ventral_edge_of_narial_opening type=matrix rownames=FALSE colnames=FALSE nrow=9 ncol=2 as.numeric=TRUE >
			193	231
			194	249
			173	258
			159	268
			151	276
			139	289
			122	289
			82	292
			79	278
		</ventral_edge_of_narial_opening>
		<dorsal_edge_of_antorbital_fenestra type=matrix rownames=FALSE colnames=FALSE nrow=3 ncol=2 as.numeric=TRUE >
			215	240
			217	232
			228	232
		</dorsal_edge_of_antorbital_fenestra>
		<ventral_edge_of_antorbital_fenestra type=matrix rownames=FALSE colnames=FALSE nrow=3 ncol=2 as.numeric=TRUE >
			228	232
			228	240
			215	240
		</ventral_edge_of_antorbital_fenestra>
	</curves.control>
	<curves.pixel type=list>
		<dorsal_edge_of_snout type=matrix rownames=FALSE colnames=FALSE nrow=280 ncol=2 as.numeric=TRUE >
			95	242
			94	241
			94	240
			93	239
			92	238
			92	237
			91	236
			90	236
			90	235
			89	234
			89	233
			88	232
			87	231
			87	230
			86	229
			85	228
			84	227
			84	226
			83	225
			82	224
			82	223
			81	222
			81	221
			80	220
			80	219
			79	218
			78	218
			78	217
			77	216
			77	215
			76	214
			76	213
			75	213
			75	212
			74	211
			74	210
			73	209
			73	208
			72	207
			72	206
			71	205
			70	204
			70	203
			69	202
			69	201
			69	200
			68	200
			68	199
			68	198
			67	197
			67	196
			66	195
			66	194
			66	193
			66	192
			66	191
			66	190
			66	189
			66	188
			66	187
			67	186
			68	186
			69	185
			70	185
			71	185
			72	185
			73	185
			74	185
			75	185
			76	185
			77	186
			78	186
			79	186
			80	187
			81	187
			82	187
			83	188
			84	188
			85	189
			86	189
			87	190
			88	190
			89	191
			90	191
			91	191
			92	192
			93	192
			94	192
			95	193
			96	193
			97	193
			97	194
			98	194
			99	194
			100	195
			101	195
			102	195
			103	196
			104	196
			105	196
			106	197
			107	197
			108	197
			109	198
			110	198
			111	198
			112	198
			113	199
			114	199
			115	199
			116	199
			117	200
			118	200
			119	200
			120	200
			121	201
			122	201
			123	201
			124	201
			125	201
			126	202
			127	202
			128	202
			129	202
			130	202
			131	202
			132	203
			133	203
			134	203
			135	203
			136	203
			137	203
			138	203
			139	204
			140	204
			141	204
			142	204
			143	204
			144	204
			145	204
			146	204
			147	204
			148	204
			149	205
			150	205
			151	205
			152	205
			153	205
			154	205
			155	205
			156	205
			157	205
			158	205
			159	205
			160	205
			161	205
			162	205
			163	204
			164	204
			165	204
			166	204
			167	204
			168	204
			169	204
			170	203
			171	203
			172	203
			173	203
			174	203
			175	202
			176	202
			177	202
			178	202
			179	202
			180	202
			180	201
			181	201
			182	201
			183	201
			184	201
			185	200
			186	200
			187	200
			188	200
			189	199
			190	199
			191	199
			192	199
			193	198
			194	198
			195	198
			196	198
			197	197
			198	197
			199	197
			200	196
			201	196
			202	196
			203	196
			204	195
			205	195
			206	195
			207	194
			208	194
			209	194
			210	194
			211	193
			212	193
			213	193
			214	192
			215	192
			216	191
			217	191
			218	190
			219	190
			220	190
			221	190
			221	189
			222	189
			223	189
			224	188
			225	188
			226	187
			227	187
			228	186
			229	186
			230	185
			231	185
			232	185
			233	184
			234	183
			235	183
			236	182
			237	182
			238	181
			239	181
			240	180
			241	180
			242	179
			243	179
			243	178
			244	178
			245	177
			246	177
			247	176
			248	175
			249	175
			249	174
			250	174
			251	173
			252	172
			253	172
			253	171
			254	171
			255	170
			256	169
			257	168
			258	167
			259	167
			260	166
			261	165
			261	164
			262	164
			263	163
			264	162
			265	161
			265	160
			266	160
			267	159
			268	158
			268	157
			269	156
			270	155
			271	154
			272	153
			273	152
			273	151
			274	150
			274	149
			275	148
		</dorsal_edge_of_snout>
		<ventral_edge_of_snout type=matrix rownames=FALSE colnames=FALSE nrow=58 ncol=2 as.numeric=TRUE >
			108	299
			109	299
			110	299
			111	300
			112	300
			113	300
			114	300
			115	300
			116	300
			117	300
			118	301
			119	301
			120	301
			121	301
			122	301
			123	301
			124	301
			125	301
			126	301
			127	300
			128	300
			129	300
			130	300
			131	300
			132	300
			133	300
			134	299
			135	299
			136	299
			137	299
			138	298
			139	298
			140	298
			141	297
			142	297
			143	296
			144	296
			145	296
			146	295
			147	295
			148	294
			149	294
			150	293
			151	293
			152	292
			153	292
			154	291
			155	290
			156	290
			157	290
			158	290
			159	290
			160	290
			161	290
			162	290
			163	290
			164	290
			165	290
		</ventral_edge_of_snout>
		<dorsal_edge_of_narial_opening type=matrix rownames=FALSE colnames=FALSE nrow=150 ncol=2 as.numeric=TRUE >
			79	278
			79	277
			78	276
			78	275
			78	274
			78	273
			78	272
			78	271
			78	270
			79	269
			79	268
			79	267
			80	267
			80	266
			80	265
			81	265
			81	264
			82	264
			83	263
			84	262
			85	261
			86	261
			87	260
			88	260
			89	259
			90	259
			91	259
			92	258
			93	258
			94	257
			95	257
			96	257
			97	257
			98	257
			98	256
			99	256
			100	256
			101	256
			102	256
			103	256
			104	255
			105	255
			106	255
			107	255
			107	254
			107	253
			108	253
			108	252
			108	251
			108	250
			108	249
			109	249
			109	248
			109	247
			109	246
			110	245
			110	244
			110	243
			111	242
			111	241
			112	240
			113	239
			113	238
			114	237
			114	236
			115	235
			116	234
			117	233
			118	232
			119	231
			120	230
			121	230
			121	229
			122	229
			123	228
			124	228
			125	228
			126	227
			127	227
			128	227
			129	226
			130	226
			131	226
			132	226
			133	226
			134	226
			135	226
			136	226
			137	226
			138	226
			139	226
			140	226
			141	226
			142	226
			143	226
			144	226
			144	227
			145	227
			146	227
			147	227
			148	226
			149	226
			150	225
			151	225
			152	225
			152	224
			153	224
			154	224
			155	224
			156	224
			157	223
			158	223
			159	223
			160	222
			161	222
			162	222
			163	222
			164	222
			165	222
			166	222
			167	221
			168	221
			169	221
			170	221
			171	221
			172	221
			173	221
			174	221
			175	221
			176	221
			177	221
			178	221
			179	221
			180	222
			181	222
			182	222
			183	222
			184	222
			184	223
			185	223
			186	223
			187	224
			188	224
			189	225
			190	226
			191	227
			192	228
			192	229
			193	230
			193	231
		</dorsal_edge_of_narial_opening>
		<ventral_edge_of_narial_opening type=matrix rownames=FALSE colnames=FALSE nrow=132 ncol=2 as.numeric=TRUE >
			193	231
			193	232
			193	233
			193	234
			193	235
			193	236
			193	237
			193	238
			192	239
			192	240
			192	241
			191	242
			191	243
			190	244
			190	245
			189	246
			188	247
			188	248
			187	249
			186	250
			185	250
			184	251
			183	252
			182	253
			181	253
			180	254
			179	255
			178	256
			177	256
			176	257
			175	257
			174	257
			174	258
			173	258
			172	259
			171	259
			170	260
			169	261
			168	262
			167	262
			166	263
			165	264
			164	265
			163	265
			162	266
			161	267
			160	268
			159	269
			158	270
			157	271
			156	271
			155	272
			154	273
			153	274
			152	275
			151	276
			150	277
			149	278
			148	279
			147	280
			146	280
			145	281
			145	282
			144	282
			143	283
			142	284
			141	284
			140	285
			139	285
			138	286
			137	286
			136	287
			135	287
			134	287
			133	288
			132	288
			131	288
			130	288
			129	288
			128	289
			127	289
			126	289
			125	289
			124	289
			123	289
			122	289
			121	289
			120	289
			119	289
			118	289
			117	289
			116	289
			115	289
			114	289
			113	289
			112	289
			111	290
			110	290
			109	290
			108	290
			107	290
			106	289
			105	289
			104	289
			103	289
			102	289
			101	289
			100	289
			99	289
			98	289
			97	289
			96	289
			95	289
			94	288
			93	288
			92	288
			91	288
			90	287
			89	287
			88	287
			87	286
			86	286
			85	285
			84	285
			84	284
			83	284
			82	283
			81	282
			80	281
			80	280
			79	279
			79	278
		</ventral_edge_of_narial_opening>
		<dorsal_edge_of_antorbital_fenestra type=matrix rownames=FALSE colnames=FALSE nrow=16 ncol=2 as.numeric=TRUE >
			215	240
			215	239
			216	238
			216	237
			217	236
			218	235
			219	234
			220	234
			221	233
			222	233
			223	232
			224	232
			225	232
			226	232
			227	232
			228	232
		</dorsal_edge_of_antorbital_fenestra>
		<ventral_edge_of_antorbital_fenestra type=matrix rownames=FALSE colnames=FALSE nrow=18 ncol=2 as.numeric=TRUE >
			228	232
			228	233
			228	234
			228	235
			227	235
			227	236
			226	237
			225	238
			224	239
			223	239
			222	239
			221	239
			220	240
			219	240
			218	240
			217	240
			216	240
			215	240
		</ventral_edge_of_antorbital_fenestra>
	</curves.pixel>
	<curves.scaled type=list>
		<dorsal_edge_of_snout type=matrix rownames=FALSE colnames=FALSE nrow=280 ncol=2 as.numeric=TRUE >
			31.6666666666667	-80.6666666666667
			31.3333333333333	-80.3333333333333
			31.3333333333333	-80
			31	-79.6666666666667
			30.6666666666667	-79.3333333333333
			30.6666666666667	-79
			30.3333333333333	-78.6666666666667
			30	-78.6666666666667
			30	-78.3333333333333
			29.6666666666667	-78
			29.6666666666667	-77.6666666666667
			29.3333333333333	-77.3333333333333
			29	-77
			29	-76.6666666666667
			28.6666666666667	-76.3333333333333
			28.3333333333333	-76
			28	-75.6666666666667
			28	-75.3333333333333
			27.6666666666667	-75
			27.3333333333333	-74.6666666666667
			27.3333333333333	-74.3333333333333
			27	-74
			27	-73.6666666666667
			26.6666666666667	-73.3333333333333
			26.6666666666667	-73
			26.3333333333333	-72.6666666666667
			26	-72.6666666666667
			26	-72.3333333333333
			25.6666666666667	-72
			25.6666666666667	-71.6666666666667
			25.3333333333333	-71.3333333333333
			25.3333333333333	-71
			25	-71
			25	-70.6666666666667
			24.6666666666667	-70.3333333333333
			24.6666666666667	-70
			24.3333333333333	-69.6666666666667
			24.3333333333333	-69.3333333333333
			24	-69
			24	-68.6666666666667
			23.6666666666667	-68.3333333333333
			23.3333333333333	-68
			23.3333333333333	-67.6666666666667
			23	-67.3333333333333
			23	-67
			23	-66.6666666666667
			22.6666666666667	-66.6666666666667
			22.6666666666667	-66.3333333333333
			22.6666666666667	-66
			22.3333333333333	-65.6666666666667
			22.3333333333333	-65.3333333333333
			22	-65
			22	-64.6666666666667
			22	-64.3333333333333
			22	-64
			22	-63.6666666666667
			22	-63.3333333333333
			22	-63
			22	-62.6666666666667
			22	-62.3333333333333
			22.3333333333333	-62
			22.6666666666667	-62
			23	-61.6666666666667
			23.3333333333333	-61.6666666666667
			23.6666666666667	-61.6666666666667
			24	-61.6666666666667
			24.3333333333333	-61.6666666666667
			24.6666666666667	-61.6666666666667
			25	-61.6666666666667
			25.3333333333333	-61.6666666666667
			25.6666666666667	-62
			26	-62
			26.3333333333333	-62
			26.6666666666667	-62.3333333333333
			27	-62.3333333333333
			27.3333333333333	-62.3333333333333
			27.6666666666667	-62.6666666666667
			28	-62.6666666666667
			28.3333333333333	-63
			28.6666666666667	-63
			29	-63.3333333333333
			29.3333333333333	-63.3333333333333
			29.6666666666667	-63.6666666666667
			30	-63.6666666666667
			30.3333333333333	-63.6666666666667
			30.6666666666667	-64
			31	-64
			31.3333333333333	-64
			31.6666666666667	-64.3333333333333
			32	-64.3333333333333
			32.3333333333333	-64.3333333333333
			32.3333333333333	-64.6666666666667
			32.6666666666667	-64.6666666666667
			33	-64.6666666666667
			33.3333333333333	-65
			33.6666666666667	-65
			34	-65
			34.3333333333333	-65.3333333333333
			34.6666666666667	-65.3333333333333
			35	-65.3333333333333
			35.3333333333333	-65.6666666666667
			35.6666666666667	-65.6666666666667
			36	-65.6666666666667
			36.3333333333333	-66
			36.6666666666667	-66
			37	-66
			37.3333333333333	-66
			37.6666666666667	-66.3333333333333
			38	-66.3333333333333
			38.3333333333333	-66.3333333333333
			38.6666666666667	-66.3333333333333
			39	-66.6666666666667
			39.3333333333333	-66.6666666666667
			39.6666666666667	-66.6666666666667
			40	-66.6666666666667
			40.3333333333333	-67
			40.6666666666667	-67
			41	-67
			41.3333333333333	-67
			41.6666666666667	-67
			42	-67.3333333333333
			42.3333333333333	-67.3333333333333
			42.6666666666667	-67.3333333333333
			43	-67.3333333333333
			43.3333333333333	-67.3333333333333
			43.6666666666667	-67.3333333333333
			44	-67.6666666666667
			44.3333333333333	-67.6666666666667
			44.6666666666667	-67.6666666666667
			45	-67.6666666666667
			45.3333333333333	-67.6666666666667
			45.6666666666667	-67.6666666666667
			46	-67.6666666666667
			46.3333333333333	-68
			46.6666666666667	-68
			47	-68
			47.3333333333333	-68
			47.6666666666667	-68
			48	-68
			48.3333333333333	-68
			48.6666666666667	-68
			49	-68
			49.3333333333333	-68
			49.6666666666667	-68.3333333333333
			50	-68.3333333333333
			50.3333333333333	-68.3333333333333
			50.6666666666667	-68.3333333333333
			51	-68.3333333333333
			51.3333333333333	-68.3333333333333
			51.6666666666667	-68.3333333333333
			52	-68.3333333333333
			52.3333333333333	-68.3333333333333
			52.6666666666667	-68.3333333333333
			53	-68.3333333333333
			53.3333333333333	-68.3333333333333
			53.6666666666667	-68.3333333333333
			54	-68.3333333333333
			54.3333333333333	-68
			54.6666666666667	-68
			55	-68
			55.3333333333333	-68
			55.6666666666667	-68
			56	-68
			56.3333333333333	-68
			56.6666666666667	-67.6666666666667
			57	-67.6666666666667
			57.3333333333333	-67.6666666666667
			57.6666666666667	-67.6666666666667
			58	-67.6666666666667
			58.3333333333333	-67.3333333333333
			58.6666666666667	-67.3333333333333
			59	-67.3333333333333
			59.3333333333333	-67.3333333333333
			59.6666666666667	-67.3333333333333
			60	-67.3333333333333
			60	-67
			60.3333333333333	-67
			60.6666666666667	-67
			61	-67
			61.3333333333333	-67
			61.6666666666667	-66.6666666666667
			62	-66.6666666666667
			62.3333333333333	-66.6666666666667
			62.6666666666667	-66.6666666666667
			63	-66.3333333333333
			63.3333333333333	-66.3333333333333
			63.6666666666667	-66.3333333333333
			64	-66.3333333333333
			64.3333333333333	-66
			64.6666666666667	-66
			65	-66
			65.3333333333333	-66
			65.6666666666667	-65.6666666666667
			66	-65.6666666666667
			66.3333333333333	-65.6666666666667
			66.6666666666667	-65.3333333333333
			67	-65.3333333333333
			67.3333333333333	-65.3333333333333
			67.6666666666667	-65.3333333333333
			68	-65
			68.3333333333333	-65
			68.6666666666667	-65
			69	-64.6666666666667
			69.3333333333333	-64.6666666666667
			69.6666666666667	-64.6666666666667
			70	-64.6666666666667
			70.3333333333333	-64.3333333333333
			70.6666666666667	-64.3333333333333
			71	-64.3333333333333
			71.3333333333333	-64
			71.6666666666667	-64
			72	-63.6666666666667
			72.3333333333333	-63.6666666666667
			72.6666666666667	-63.3333333333333
			73	-63.3333333333333
			73.3333333333333	-63.3333333333333
			73.6666666666667	-63.3333333333333
			73.6666666666667	-63
			74	-63
			74.3333333333333	-63
			74.6666666666667	-62.6666666666667
			75	-62.6666666666667
			75.3333333333333	-62.3333333333333
			75.6666666666667	-62.3333333333333
			76	-62
			76.3333333333333	-62
			76.6666666666667	-61.6666666666667
			77	-61.6666666666667
			77.3333333333333	-61.6666666666667
			77.6666666666667	-61.3333333333333
			78	-61
			78.3333333333333	-61
			78.6666666666667	-60.6666666666667
			79	-60.6666666666667
			79.3333333333333	-60.3333333333333
			79.6666666666667	-60.3333333333333
			80	-60
			80.3333333333333	-60
			80.6666666666667	-59.6666666666667
			81	-59.6666666666667
			81	-59.3333333333333
			81.3333333333333	-59.3333333333333
			81.6666666666667	-59
			82	-59
			82.3333333333333	-58.6666666666667
			82.6666666666667	-58.3333333333333
			83	-58.3333333333333
			83	-58
			83.3333333333333	-58
			83.6666666666667	-57.6666666666667
			84	-57.3333333333333
			84.3333333333333	-57.3333333333333
			84.3333333333333	-57
			84.6666666666667	-57
			85	-56.6666666666667
			85.3333333333333	-56.3333333333333
			85.6666666666667	-56
			86	-55.6666666666667
			86.3333333333333	-55.6666666666667
			86.6666666666667	-55.3333333333333
			87	-55
			87	-54.6666666666667
			87.3333333333333	-54.6666666666667
			87.6666666666667	-54.3333333333333
			88	-54
			88.3333333333333	-53.6666666666667
			88.3333333333333	-53.3333333333333
			88.6666666666667	-53.3333333333333
			89	-53
			89.3333333333333	-52.6666666666667
			89.3333333333333	-52.3333333333333
			89.6666666666667	-52
			90	-51.6666666666667
			90.3333333333333	-51.3333333333333
			90.6666666666667	-51
			91	-50.6666666666667
			91	-50.3333333333333
			91.3333333333333	-50
			91.3333333333333	-49.6666666666667
			91.6666666666667	-49.3333333333333
		</dorsal_edge_of_snout>
		<ventral_edge_of_snout type=matrix rownames=FALSE colnames=FALSE nrow=58 ncol=2 as.numeric=TRUE >
			36	-99.6666666666667
			36.3333333333333	-99.6666666666667
			36.6666666666667	-99.6666666666667
			37	-100
			37.3333333333333	-100
			37.6666666666667	-100
			38	-100
			38.3333333333333	-100
			38.6666666666667	-100
			39	-100
			39.3333333333333	-100.333333333333
			39.6666666666667	-100.333333333333
			40	-100.333333333333
			40.3333333333333	-100.333333333333
			40.6666666666667	-100.333333333333
			41	-100.333333333333
			41.3333333333333	-100.333333333333
			41.6666666666667	-100.333333333333
			42	-100.333333333333
			42.3333333333333	-100
			42.6666666666667	-100
			43	-100
			43.3333333333333	-100
			43.6666666666667	-100
			44	-100
			44.3333333333333	-100
			44.6666666666667	-99.6666666666667
			45	-99.6666666666667
			45.3333333333333	-99.6666666666667
			45.6666666666667	-99.6666666666667
			46	-99.3333333333333
			46.3333333333333	-99.3333333333333
			46.6666666666667	-99.3333333333333
			47	-99
			47.3333333333333	-99
			47.6666666666667	-98.6666666666667
			48	-98.6666666666667
			48.3333333333333	-98.6666666666667
			48.6666666666667	-98.3333333333333
			49	-98.3333333333333
			49.3333333333333	-98
			49.6666666666667	-98
			50	-97.6666666666667
			50.3333333333333	-97.6666666666667
			50.6666666666667	-97.3333333333333
			51	-97.3333333333333
			51.3333333333333	-97
			51.6666666666667	-96.6666666666667
			52	-96.6666666666667
			52.3333333333333	-96.6666666666667
			52.6666666666667	-96.6666666666667
			53	-96.6666666666667
			53.3333333333333	-96.6666666666667
			53.6666666666667	-96.6666666666667
			54	-96.6666666666667
			54.3333333333333	-96.6666666666667
			54.6666666666667	-96.6666666666667
			55	-96.6666666666667
		</ventral_edge_of_snout>
		<dorsal_edge_of_narial_opening type=matrix rownames=FALSE colnames=FALSE nrow=150 ncol=2 as.numeric=TRUE >
			26.3333333333333	-92.6666666666667
			26.3333333333333	-92.3333333333333
			26	-92
			26	-91.6666666666667
			26	-91.3333333333333
			26	-91
			26	-90.6666666666667
			26	-90.3333333333333
			26	-90
			26.3333333333333	-89.6666666666667
			26.3333333333333	-89.3333333333333
			26.3333333333333	-89
			26.6666666666667	-89
			26.6666666666667	-88.6666666666667
			26.6666666666667	-88.3333333333333
			27	-88.3333333333333
			27	-88
			27.3333333333333	-88
			27.6666666666667	-87.6666666666667
			28	-87.3333333333333
			28.3333333333333	-87
			28.6666666666667	-87
			29	-86.6666666666667
			29.3333333333333	-86.6666666666667
			29.6666666666667	-86.3333333333333
			30	-86.3333333333333
			30.3333333333333	-86.3333333333333
			30.6666666666667	-86
			31	-86
			31.3333333333333	-85.6666666666667
			31.6666666666667	-85.6666666666667
			32	-85.6666666666667
			32.3333333333333	-85.6666666666667
			32.6666666666667	-85.6666666666667
			32.6666666666667	-85.3333333333333
			33	-85.3333333333333
			33.3333333333333	-85.3333333333333
			33.6666666666667	-85.3333333333333
			34	-85.3333333333333
			34.3333333333333	-85.3333333333333
			34.6666666666667	-85
			35	-85
			35.3333333333333	-85
			35.6666666666667	-85
			35.6666666666667	-84.6666666666667
			35.6666666666667	-84.3333333333333
			36	-84.3333333333333
			36	-84
			36	-83.6666666666667
			36	-83.3333333333333
			36	-83
			36.3333333333333	-83
			36.3333333333333	-82.6666666666667
			36.3333333333333	-82.3333333333333
			36.3333333333333	-82
			36.6666666666667	-81.6666666666667
			36.6666666666667	-81.3333333333333
			36.6666666666667	-81
			37	-80.6666666666667
			37	-80.3333333333333
			37.3333333333333	-80
			37.6666666666667	-79.6666666666667
			37.6666666666667	-79.3333333333333
			38	-79
			38	-78.6666666666667
			38.3333333333333	-78.3333333333333
			38.6666666666667	-78
			39	-77.6666666666667
			39.3333333333333	-77.3333333333333
			39.6666666666667	-77
			40	-76.6666666666667
			40.3333333333333	-76.6666666666667
			40.3333333333333	-76.3333333333333
			40.6666666666667	-76.3333333333333
			41	-76
			41.3333333333333	-76
			41.6666666666667	-76
			42	-75.6666666666667
			42.3333333333333	-75.6666666666667
			42.6666666666667	-75.6666666666667
			43	-75.3333333333333
			43.3333333333333	-75.3333333333333
			43.6666666666667	-75.3333333333333
			44	-75.3333333333333
			44.3333333333333	-75.3333333333333
			44.6666666666667	-75.3333333333333
			45	-75.3333333333333
			45.3333333333333	-75.3333333333333
			45.6666666666667	-75.3333333333333
			46	-75.3333333333333
			46.3333333333333	-75.3333333333333
			46.6666666666667	-75.3333333333333
			47	-75.3333333333333
			47.3333333333333	-75.3333333333333
			47.6666666666667	-75.3333333333333
			48	-75.3333333333333
			48	-75.6666666666667
			48.3333333333333	-75.6666666666667
			48.6666666666667	-75.6666666666667
			49	-75.6666666666667
			49.3333333333333	-75.3333333333333
			49.6666666666667	-75.3333333333333
			50	-75
			50.3333333333333	-75
			50.6666666666667	-75
			50.6666666666667	-74.6666666666667
			51	-74.6666666666667
			51.3333333333333	-74.6666666666667
			51.6666666666667	-74.6666666666667
			52	-74.6666666666667
			52.3333333333333	-74.3333333333333
			52.6666666666667	-74.3333333333333
			53	-74.3333333333333
			53.3333333333333	-74
			53.6666666666667	-74
			54	-74
			54.3333333333333	-74
			54.6666666666667	-74
			55	-74
			55.3333333333333	-74
			55.6666666666667	-73.6666666666667
			56	-73.6666666666667
			56.3333333333333	-73.6666666666667
			56.6666666666667	-73.6666666666667
			57	-73.6666666666667
			57.3333333333333	-73.6666666666667
			57.6666666666667	-73.6666666666667
			58	-73.6666666666667
			58.3333333333333	-73.6666666666667
			58.6666666666667	-73.6666666666667
			59	-73.6666666666667
			59.3333333333333	-73.6666666666667
			59.6666666666667	-73.6666666666667
			60	-74
			60.3333333333333	-74
			60.6666666666667	-74
			61	-74
			61.3333333333333	-74
			61.3333333333333	-74.3333333333333
			61.6666666666667	-74.3333333333333
			62	-74.3333333333333
			62.3333333333333	-74.6666666666667
			62.6666666666667	-74.6666666666667
			63	-75
			63.3333333333333	-75.3333333333333
			63.6666666666667	-75.6666666666667
			64	-76
			64	-76.3333333333333
			64.3333333333333	-76.6666666666667
			64.3333333333333	-77
		</dorsal_edge_of_narial_opening>
		<ventral_edge_of_narial_opening type=matrix rownames=FALSE colnames=FALSE nrow=132 ncol=2 as.numeric=TRUE >
			64.3333333333333	-77
			64.3333333333333	-77.3333333333333
			64.3333333333333	-77.6666666666667
			64.3333333333333	-78
			64.3333333333333	-78.3333333333333
			64.3333333333333	-78.6666666666667
			64.3333333333333	-79
			64.3333333333333	-79.3333333333333
			64	-79.6666666666667
			64	-80
			64	-80.3333333333333
			63.6666666666667	-80.6666666666667
			63.6666666666667	-81
			63.3333333333333	-81.3333333333333
			63.3333333333333	-81.6666666666667
			63	-82
			62.6666666666667	-82.3333333333333
			62.6666666666667	-82.6666666666667
			62.3333333333333	-83
			62	-83.3333333333333
			61.6666666666667	-83.3333333333333
			61.3333333333333	-83.6666666666667
			61	-84
			60.6666666666667	-84.3333333333333
			60.3333333333333	-84.3333333333333
			60	-84.6666666666667
			59.6666666666667	-85
			59.3333333333333	-85.3333333333333
			59	-85.3333333333333
			58.6666666666667	-85.6666666666667
			58.3333333333333	-85.6666666666667
			58	-85.6666666666667
			58	-86
			57.6666666666667	-86
			57.3333333333333	-86.3333333333333
			57	-86.3333333333333
			56.6666666666667	-86.6666666666667
			56.3333333333333	-87
			56	-87.3333333333333
			55.6666666666667	-87.3333333333333
			55.3333333333333	-87.6666666666667
			55	-88
			54.6666666666667	-88.3333333333333
			54.3333333333333	-88.3333333333333
			54	-88.6666666666667
			53.6666666666667	-89
			53.3333333333333	-89.3333333333333
			53	-89.6666666666667
			52.6666666666667	-90
			52.3333333333333	-90.3333333333333
			52	-90.3333333333333
			51.6666666666667	-90.6666666666667
			51.3333333333333	-91
			51	-91.3333333333333
			50.6666666666667	-91.6666666666667
			50.3333333333333	-92
			50	-92.3333333333333
			49.6666666666667	-92.6666666666667
			49.3333333333333	-93
			49	-93.3333333333333
			48.6666666666667	-93.3333333333333
			48.3333333333333	-93.6666666666667
			48.3333333333333	-94
			48	-94
			47.6666666666667	-94.3333333333333
			47.3333333333333	-94.6666666666667
			47	-94.6666666666667
			46.6666666666667	-95
			46.3333333333333	-95
			46	-95.3333333333333
			45.6666666666667	-95.3333333333333
			45.3333333333333	-95.6666666666667
			45	-95.6666666666667
			44.6666666666667	-95.6666666666667
			44.3333333333333	-96
			44	-96
			43.6666666666667	-96
			43.3333333333333	-96
			43	-96
			42.6666666666667	-96.3333333333333
			42.3333333333333	-96.3333333333333
			42	-96.3333333333333
			41.6666666666667	-96.3333333333333
			41.3333333333333	-96.3333333333333
			41	-96.3333333333333
			40.6666666666667	-96.3333333333333
			40.3333333333333	-96.3333333333333
			40	-96.3333333333333
			39.6666666666667	-96.3333333333333
			39.3333333333333	-96.3333333333333
			39	-96.3333333333333
			38.6666666666667	-96.3333333333333
			38.3333333333333	-96.3333333333333
			38	-96.3333333333333
			37.6666666666667	-96.3333333333333
			37.3333333333333	-96.3333333333333
			37	-96.6666666666667
			36.6666666666667	-96.6666666666667
			36.3333333333333	-96.6666666666667
			36	-96.6666666666667
			35.6666666666667	-96.6666666666667
			35.3333333333333	-96.3333333333333
			35	-96.3333333333333
			34.6666666666667	-96.3333333333333
			34.3333333333333	-96.3333333333333
			34	-96.3333333333333
			33.6666666666667	-96.3333333333333
			33.3333333333333	-96.3333333333333
			33	-96.3333333333333
			32.6666666666667	-96.3333333333333
			32.3333333333333	-96.3333333333333
			32	-96.3333333333333
			31.6666666666667	-96.3333333333333
			31.3333333333333	-96
			31	-96
			30.6666666666667	-96
			30.3333333333333	-96
			30	-95.6666666666667
			29.6666666666667	-95.6666666666667
			29.3333333333333	-95.6666666666667
			29	-95.3333333333333
			28.6666666666667	-95.3333333333333
			28.3333333333333	-95
			28	-95
			28	-94.6666666666667
			27.6666666666667	-94.6666666666667
			27.3333333333333	-94.3333333333333
			27	-94
			26.6666666666667	-93.6666666666667
			26.6666666666667	-93.3333333333333
			26.3333333333333	-93
			26.3333333333333	-92.6666666666667
		</ventral_edge_of_narial_opening>
		<dorsal_edge_of_antorbital_fenestra type=matrix rownames=FALSE colnames=FALSE nrow=16 ncol=2 as.numeric=TRUE >
			71.6666666666667	-80
			71.6666666666667	-79.6666666666667
			72	-79.3333333333333
			72	-79
			72.3333333333333	-78.6666666666667
			72.6666666666667	-78.3333333333333
			73	-78
			73.3333333333333	-78
			73.6666666666667	-77.6666666666667
			74	-77.6666666666667
			74.3333333333333	-77.3333333333333
			74.6666666666667	-77.3333333333333
			75	-77.3333333333333
			75.3333333333333	-77.3333333333333
			75.6666666666667	-77.3333333333333
			76	-77.3333333333333
		</dorsal_edge_of_antorbital_fenestra>
		<ventral_edge_of_antorbital_fenestra type=matrix rownames=FALSE colnames=FALSE nrow=18 ncol=2 as.numeric=TRUE >
			76	-77.3333333333333
			76	-77.6666666666667
			76	-78
			76	-78.3333333333333
			75.6666666666667	-78.3333333333333
			75.6666666666667	-78.6666666666667
			75.3333333333333	-79
			75	-79.3333333333333
			74.6666666666667	-79.6666666666667
			74.3333333333333	-79.6666666666667
			74	-79.6666666666667
			73.6666666666667	-79.6666666666667
			73.3333333333333	-80
			73	-80
			72.6666666666667	-80
			72.3333333333333	-80
			72	-80
			71.6666666666667	-80
		</ventral_edge_of_antorbital_fenestra>
	</curves.scaled>
	<ruler.points type=matrix rownames=TRUE colnames=FALSE nrow=2 ncol=2 as.numeric=TRUE >
		Ruler point 1	329	331
		Ruler point 2	359	331
	</ruler.points>
</shapes>

