<shapes type=list>
	<ruler.pixel type=vector names=FALSE length=1 as.numeric=TRUE >54</ruler.pixel>
	<ruler.interval type=vector names=FALSE length=1 as.numeric=TRUE >10</ruler.interval>
	<scaling.units type=vector names=FALSE length=1 as.numeric=FALSE >cm</scaling.units>
	<scaling type=vector names=FALSE length=1 as.numeric=TRUE >0.185185185185185</scaling>
	<landmarks.pixel type=matrix rownames=TRUE colnames=FALSE nrow=8 ncol=2 as.numeric=TRUE >
		upper_contact_of_premaxilla_rostral	144	366
		projection_of_nasal_edge_lacrimal_contact	363	318
		lower_contact_of_premaxilla_rostral	121	470
		lower_contact_of_premaxilla_maxilla	219	469
		maximum_curvature_point_of_narial_opening_at_caudo_dorsal_edge	294	402
		maximum_curvature_point_of_narial_opening_at_anterio_ventral_edge	84	425
		maximum_curvature_point_of_antorbital_fenestra_at_caudo_dorsal_edge	340	402
		maximum_curvature_point_of_antorbital_fenestra_at_anterio_ventral_edge	310	425
	</landmarks.pixel>
	<landmarks.scaled type=matrix rownames=TRUE colnames=FALSE nrow=8 ncol=2 as.numeric=TRUE >
		upper_contact_of_premaxilla_rostral	26.6666666666667	-67.7777777777778
		projection_of_nasal_edge_lacrimal_contact	67.2222222222222	-58.8888888888889
		lower_contact_of_premaxilla_rostral	22.4074074074074	-87.037037037037
		lower_contact_of_premaxilla_maxilla	40.5555555555556	-86.8518518518518
		maximum_curvature_point_of_narial_opening_at_caudo_dorsal_edge	54.4444444444444	-74.4444444444444
		maximum_curvature_point_of_narial_opening_at_anterio_ventral_edge	15.5555555555556	-78.7037037037037
		maximum_curvature_point_of_antorbital_fenestra_at_caudo_dorsal_edge	62.962962962963	-74.4444444444444
		maximum_curvature_point_of_antorbital_fenestra_at_anterio_ventral_edge	57.4074074074074	-78.7037037037037
	</landmarks.scaled>
	<curves.control type=list>
		<dorsal_edge_of_snout type=matrix rownames=FALSE colnames=FALSE nrow=13 ncol=2 as.numeric=TRUE >
			144	366
			154	353
			167	342
			176	333
			176	310
			178	288
			185	289
			189	286
			205	302
			228	316
			258	327
			310	343
			363	318
		</dorsal_edge_of_snout>
		<ventral_edge_of_snout type=matrix rownames=FALSE colnames=FALSE nrow=7 ncol=2 as.numeric=TRUE >
			121	470
			134	483
			169	481
			189	477
			203	470
			211	469
			219	469
		</ventral_edge_of_snout>
		<dorsal_edge_of_narial_opening type=matrix rownames=FALSE colnames=FALSE nrow=11 ncol=2 as.numeric=TRUE >
			84	425
			88	396
			136	391
			146	389
			154	383
			170	352
			215	347
			236	345
			265	363
			296	381
			294	402
		</dorsal_edge_of_narial_opening>
		<ventral_edge_of_narial_opening type=matrix rownames=FALSE colnames=FALSE nrow=7 ncol=2 as.numeric=TRUE >
			294	402
			297	438
			230	460
			167	472
			146	467
			84	458
			84	425
		</ventral_edge_of_narial_opening>
		<dorsal_edge_of_antorbital_fenestra type=matrix rownames=FALSE colnames=FALSE nrow=3 ncol=2 as.numeric=TRUE >
			310	425
			320	410
			340	402
		</dorsal_edge_of_antorbital_fenestra>
		<ventral_edge_of_antorbital_fenestra type=matrix rownames=FALSE colnames=FALSE nrow=3 ncol=2 as.numeric=TRUE >
			340	402
			332	424
			310	425
		</ventral_edge_of_antorbital_fenestra>
	</curves.control>
	<curves.pixel type=list>
		<dorsal_edge_of_snout type=matrix rownames=FALSE colnames=FALSE nrow=269 ncol=2 as.numeric=TRUE >
			144	366
			144	365
			145	365
			145	364
			146	364
			146	363
			147	363
			147	362
			148	361
			149	360
			150	359
			151	358
			152	357
			153	356
			153	355
			154	354
			155	353
			156	352
			157	351
			158	350
			159	349
			160	348
			161	347
			162	347
			162	346
			163	346
			164	345
			164	344
			165	344
			166	343
			167	342
			168	341
			169	340
			169	339
			170	338
			171	337
			171	336
			172	335
			172	334
			172	333
			173	333
			173	332
			173	331
			174	330
			174	329
			174	328
			174	327
			175	326
			175	325
			175	324
			175	323
			175	322
			175	321
			175	320
			176	319
			176	318
			176	317
			176	316
			176	315
			176	314
			176	313
			176	312
			176	311
			176	310
			176	309
			176	308
			176	307
			176	306
			177	305
			177	304
			177	303
			177	302
			177	301
			177	300
			178	299
			178	298
			178	297
			178	296
			179	295
			179	294
			180	293
			180	292
			181	291
			182	290
			183	289
			184	289
			185	289
			186	289
			187	289
			188	289
			189	289
			190	290
			191	290
			192	291
			193	292
			194	292
			195	293
			196	294
			197	295
			198	295
			199	296
			199	297
			200	297
			201	298
			202	299
			203	300
			204	301
			205	302
			206	303
			207	303
			208	304
			209	305
			210	305
			211	306
			212	306
			213	307
			214	307
			215	308
			216	308
			217	309
			218	309
			219	310
			220	311
			221	311
			222	312
			223	312
			224	313
			225	313
			226	314
			227	314
			228	314
			228	315
			229	315
			230	315
			230	316
			231	316
			232	316
			233	317
			234	317
			235	318
			236	318
			237	318
			237	319
			238	319
			239	319
			240	320
			241	320
			242	321
			243	321
			244	322
			245	322
			246	322
			247	323
			248	323
			249	324
			250	324
			251	324
			252	325
			253	325
			254	326
			255	326
			256	326
			257	327
			258	327
			259	327
			260	328
			261	328
			262	328
			263	328
			264	329
			265	329
			266	329
			267	330
			268	330
			269	330
			270	330
			271	330
			272	331
			273	331
			274	331
			275	331
			276	331
			277	331
			278	332
			279	332
			280	332
			281	332
			282	332
			283	332
			284	332
			285	333
			286	333
			287	333
			288	333
			289	333
			290	333
			291	333
			292	333
			293	333
			294	333
			295	333
			296	333
			297	333
			298	333
			299	333
			300	333
			301	333
			302	333
			303	333
			304	333
			305	333
			306	333
			307	333
			308	333
			309	333
			310	333
			311	333
			312	333
			313	332
			314	332
			315	332
			316	332
			317	332
			318	332
			319	332
			320	332
			321	331
			322	331
			323	331
			324	331
			325	331
			326	330
			327	330
			328	330
			329	330
			330	330
			331	329
			332	329
			333	329
			334	329
			335	328
			336	328
			337	328
			338	327
			339	327
			340	327
			341	327
			342	326
			343	326
			344	326
			345	325
			346	325
			347	325
			348	324
			349	324
			350	323
			351	323
			352	323
			353	322
			354	322
			355	321
			356	321
			357	321
			358	320
			359	320
			360	319
			361	319
			362	318
			363	318
		</dorsal_edge_of_snout>
		<ventral_edge_of_snout type=matrix rownames=FALSE colnames=FALSE nrow=101 ncol=2 as.numeric=TRUE >
			121	470
			122	471
			123	471
			123	472
			124	473
			125	473
			126	474
			127	475
			128	475
			129	476
			130	476
			131	477
			132	477
			133	477
			134	478
			135	478
			136	478
			137	479
			138	479
			139	479
			140	479
			141	480
			142	480
			143	480
			144	480
			145	480
			146	480
			147	481
			148	481
			149	481
			150	481
			151	481
			152	481
			153	481
			154	481
			155	481
			156	481
			157	481
			158	481
			159	481
			160	481
			161	481
			162	481
			163	481
			164	481
			165	481
			166	481
			167	481
			168	481
			169	481
			170	481
			171	481
			172	480
			173	480
			174	480
			175	480
			176	480
			176	479
			177	479
			178	479
			179	479
			180	478
			181	478
			182	478
			183	478
			184	477
			185	477
			186	477
			187	476
			188	476
			189	476
			190	476
			191	475
			192	475
			193	474
			194	474
			195	473
			196	473
			197	473
			198	472
			199	472
			200	471
			201	471
			202	471
			203	470
			204	470
			205	470
			206	470
			207	470
			208	469
			209	469
			210	469
			211	469
			212	469
			213	469
			214	469
			215	469
			216	469
			217	469
			218	469
			219	469
		</ventral_edge_of_snout>
		<dorsal_edge_of_narial_opening type=matrix rownames=FALSE colnames=FALSE nrow=254 ncol=2 as.numeric=TRUE >
			84	425
			84	424
			84	423
			85	422
			85	421
			85	420
			85	419
			86	418
			86	417
			87	416
			87	415
			88	414
			88	413
			89	412
			89	411
			90	411
			90	410
			91	409
			92	408
			92	407
			93	407
			94	406
			95	405
			96	404
			97	404
			97	403
			98	402
			99	402
			100	401
			101	401
			102	400
			103	400
			103	399
			104	399
			105	399
			105	398
			106	398
			107	398
			108	398
			108	397
			109	397
			110	397
			111	396
			112	396
			113	395
			114	395
			115	395
			116	395
			117	394
			118	394
			119	394
			120	394
			121	393
			122	393
			123	393
			124	393
			125	393
			126	392
			127	392
			128	392
			129	392
			130	392
			131	392
			132	391
			133	391
			134	391
			135	391
			136	391
			137	391
			138	391
			139	390
			140	390
			141	390
			142	389
			143	389
			144	389
			145	388
			146	388
			147	387
			148	387
			149	386
			150	386
			151	385
			152	384
			153	384
			154	383
			155	382
			155	381
			156	380
			156	379
			157	378
			157	377
			158	376
			159	376
			159	375
			160	374
			160	373
			161	372
			162	372
			162	371
			163	370
			164	369
			165	368
			166	367
			167	366
			168	365
			169	364
			170	364
			171	363
			172	362
			173	361
			174	361
			175	360
			176	359
			177	359
			178	358
			179	357
			180	357
			181	356
			182	356
			183	355
			184	355
			185	355
			185	354
			186	354
			187	354
			188	353
			189	353
			190	353
			191	352
			192	352
			193	352
			194	351
			195	351
			196	351
			197	350
			198	350
			199	350
			200	350
			201	349
			202	349
			203	349
			204	349
			205	349
			206	348
			207	348
			208	348
			209	348
			210	348
			211	347
			212	347
			213	347
			214	347
			215	347
			216	347
			217	347
			218	347
			219	347
			220	347
			221	347
			222	347
			223	347
			224	347
			225	347
			226	347
			227	347
			228	348
			229	348
			230	348
			231	348
			232	348
			233	349
			234	349
			235	349
			236	349
			237	350
			238	350
			239	350
			240	351
			241	351
			242	351
			243	352
			244	352
			245	353
			246	353
			247	354
			248	354
			249	354
			250	355
			251	355
			252	356
			253	356
			254	357
			255	357
			256	358
			257	358
			258	359
			259	359
			259	360
			260	360
			261	361
			262	361
			263	362
			264	363
			265	363
			266	364
			267	364
			268	365
			269	366
			270	366
			271	367
			272	367
			273	368
			274	369
			275	369
			276	370
			276	371
			277	371
			278	372
			279	372
			279	373
			280	374
			281	374
			282	375
			282	376
			283	376
			284	377
			284	378
			285	378
			285	379
			286	379
			286	380
			287	381
			288	382
			289	383
			289	384
			290	385
			290	386
			291	387
			292	388
			292	389
			292	390
			293	391
			293	392
			293	393
			294	394
			294	395
			294	396
			294	397
			294	398
			294	399
			294	400
			294	401
			294	402
		</dorsal_edge_of_narial_opening>
		<ventral_edge_of_narial_opening type=matrix rownames=FALSE colnames=FALSE nrow=247 ncol=2 as.numeric=TRUE >
			294	402
			294	403
			294	404
			294	405
			294	406
			294	407
			294	408
			294	409
			294	410
			294	411
			293	412
			293	413
			293	414
			293	415
			292	416
			292	417
			292	418
			291	419
			291	420
			290	421
			289	422
			289	423
			288	424
			288	425
			287	426
			286	427
			285	428
			285	429
			284	430
			283	431
			282	432
			281	433
			280	434
			279	435
			278	436
			277	437
			276	438
			275	438
			274	439
			273	440
			272	440
			271	441
			270	442
			269	442
			268	443
			267	444
			266	444
			265	445
			264	445
			264	446
			263	446
			262	447
			261	447
			260	448
			259	448
			258	449
			257	449
			256	450
			255	450
			254	451
			253	451
			252	451
			252	452
			251	452
			250	453
			249	453
			248	453
			247	454
			246	454
			245	455
			244	455
			243	455
			242	456
			241	456
			240	456
			240	457
			239	457
			238	457
			237	458
			236	458
			235	458
			234	459
			233	459
			232	459
			231	460
			230	460
			229	460
			228	460
			227	461
			226	461
			225	461
			224	461
			223	461
			222	461
			221	462
			220	462
			219	462
			218	462
			217	462
			216	463
			215	463
			214	463
			213	463
			212	463
			211	463
			210	464
			209	464
			208	464
			207	464
			206	464
			205	464
			204	465
			203	465
			202	465
			201	465
			200	465
			199	465
			198	465
			197	466
			196	466
			195	466
			194	466
			193	466
			192	466
			191	466
			190	466
			189	467
			188	467
			187	467
			186	467
			185	467
			184	467
			183	467
			182	467
			181	467
			180	468
			179	468
			178	468
			177	468
			176	468
			175	468
			174	468
			173	468
			172	468
			171	468
			170	468
			169	468
			168	468
			167	468
			166	468
			165	468
			164	468
			163	468
			162	468
			161	468
			160	468
			159	468
			158	468
			157	468
			156	468
			155	468
			154	468
			153	468
			152	468
			151	468
			150	468
			149	468
			148	467
			147	467
			146	467
			145	467
			144	467
			143	467
			142	466
			141	466
			140	466
			139	466
			138	466
			137	465
			136	465
			135	465
			134	465
			133	465
			132	464
			131	464
			130	464
			129	464
			128	464
			127	463
			126	463
			125	463
			124	462
			123	462
			122	462
			121	462
			120	461
			119	461
			118	461
			117	460
			116	460
			115	460
			114	459
			113	459
			112	459
			111	458
			110	458
			109	457
			108	457
			107	456
			106	456
			105	455
			104	455
			103	454
			102	454
			102	453
			101	453
			100	452
			99	452
			98	451
			97	450
			96	449
			95	448
			94	448
			93	447
			93	446
			92	446
			91	445
			91	444
			90	443
			89	442
			88	441
			88	440
			87	439
			87	438
			86	437
			86	436
			86	435
			85	434
			85	433
			85	432
			84	431
			84	430
			84	429
			84	428
			84	427
			84	426
			84	425
		</ventral_edge_of_narial_opening>
		<dorsal_edge_of_antorbital_fenestra type=matrix rownames=FALSE colnames=FALSE nrow=37 ncol=2 as.numeric=TRUE >
			310	425
			311	424
			311	423
			312	423
			312	422
			313	421
			313	420
			314	420
			315	419
			315	418
			316	418
			317	417
			317	416
			318	416
			319	415
			319	414
			320	414
			321	413
			322	412
			323	411
			324	411
			325	410
			326	409
			327	409
			328	408
			329	407
			330	407
			331	406
			332	405
			333	405
			334	405
			335	404
			336	404
			337	403
			338	403
			339	402
			340	402
		</dorsal_edge_of_antorbital_fenestra>
		<ventral_edge_of_antorbital_fenestra type=matrix rownames=FALSE colnames=FALSE nrow=37 ncol=2 as.numeric=TRUE >
			340	402
			340	403
			339	404
			339	405
			338	406
			338	407
			337	408
			337	409
			336	410
			336	411
			335	412
			334	413
			333	414
			333	415
			332	416
			331	417
			330	417
			329	418
			328	419
			327	420
			326	421
			325	421
			324	421
			323	422
			322	423
			321	423
			320	423
			319	424
			318	424
			317	424
			316	424
			315	424
			314	425
			313	425
			312	425
			311	425
			310	425
		</ventral_edge_of_antorbital_fenestra>
	</curves.pixel>
	<curves.scaled type=list>
		<dorsal_edge_of_snout type=matrix rownames=FALSE colnames=FALSE nrow=269 ncol=2 as.numeric=TRUE >
			26.6666666666667	-67.7777777777778
			26.6666666666667	-67.5925925925926
			26.8518518518519	-67.5925925925926
			26.8518518518519	-67.4074074074074
			27.037037037037	-67.4074074074074
			27.037037037037	-67.2222222222222
			27.2222222222222	-67.2222222222222
			27.2222222222222	-67.037037037037
			27.4074074074074	-66.8518518518518
			27.5925925925926	-66.6666666666667
			27.7777777777778	-66.4814814814815
			27.962962962963	-66.2962962962963
			28.1481481481481	-66.1111111111111
			28.3333333333333	-65.9259259259259
			28.3333333333333	-65.7407407407407
			28.5185185185185	-65.5555555555556
			28.7037037037037	-65.3703703703704
			28.8888888888889	-65.1851851851852
			29.0740740740741	-65
			29.2592592592593	-64.8148148148148
			29.4444444444444	-64.6296296296296
			29.6296296296296	-64.4444444444444
			29.8148148148148	-64.2592592592593
			30	-64.2592592592593
			30	-64.0740740740741
			30.1851851851852	-64.0740740740741
			30.3703703703704	-63.8888888888889
			30.3703703703704	-63.7037037037037
			30.5555555555556	-63.7037037037037
			30.7407407407407	-63.5185185185185
			30.9259259259259	-63.3333333333333
			31.1111111111111	-63.1481481481481
			31.2962962962963	-62.962962962963
			31.2962962962963	-62.7777777777778
			31.4814814814815	-62.5925925925926
			31.6666666666667	-62.4074074074074
			31.6666666666667	-62.2222222222222
			31.8518518518519	-62.037037037037
			31.8518518518519	-61.8518518518518
			31.8518518518519	-61.6666666666667
			32.037037037037	-61.6666666666667
			32.037037037037	-61.4814814814815
			32.037037037037	-61.2962962962963
			32.2222222222222	-61.1111111111111
			32.2222222222222	-60.9259259259259
			32.2222222222222	-60.7407407407407
			32.2222222222222	-60.5555555555556
			32.4074074074074	-60.3703703703704
			32.4074074074074	-60.1851851851852
			32.4074074074074	-60
			32.4074074074074	-59.8148148148148
			32.4074074074074	-59.6296296296296
			32.4074074074074	-59.4444444444444
			32.4074074074074	-59.2592592592593
			32.5925925925926	-59.0740740740741
			32.5925925925926	-58.8888888888889
			32.5925925925926	-58.7037037037037
			32.5925925925926	-58.5185185185185
			32.5925925925926	-58.3333333333333
			32.5925925925926	-58.1481481481481
			32.5925925925926	-57.962962962963
			32.5925925925926	-57.7777777777778
			32.5925925925926	-57.5925925925926
			32.5925925925926	-57.4074074074074
			32.5925925925926	-57.2222222222222
			32.5925925925926	-57.037037037037
			32.5925925925926	-56.8518518518518
			32.5925925925926	-56.6666666666667
			32.7777777777778	-56.4814814814815
			32.7777777777778	-56.2962962962963
			32.7777777777778	-56.1111111111111
			32.7777777777778	-55.9259259259259
			32.7777777777778	-55.7407407407407
			32.7777777777778	-55.5555555555556
			32.962962962963	-55.3703703703704
			32.962962962963	-55.1851851851852
			32.962962962963	-55
			32.962962962963	-54.8148148148148
			33.1481481481481	-54.6296296296296
			33.1481481481481	-54.4444444444444
			33.3333333333333	-54.2592592592593
			33.3333333333333	-54.0740740740741
			33.5185185185185	-53.8888888888889
			33.7037037037037	-53.7037037037037
			33.8888888888889	-53.5185185185185
			34.0740740740741	-53.5185185185185
			34.2592592592593	-53.5185185185185
			34.4444444444444	-53.5185185185185
			34.6296296296296	-53.5185185185185
			34.8148148148148	-53.5185185185185
			35	-53.5185185185185
			35.1851851851852	-53.7037037037037
			35.3703703703704	-53.7037037037037
			35.5555555555556	-53.8888888888889
			35.7407407407407	-54.0740740740741
			35.9259259259259	-54.0740740740741
			36.1111111111111	-54.2592592592593
			36.2962962962963	-54.4444444444444
			36.4814814814815	-54.6296296296296
			36.6666666666667	-54.6296296296296
			36.8518518518518	-54.8148148148148
			36.8518518518518	-55
			37.037037037037	-55
			37.2222222222222	-55.1851851851852
			37.4074074074074	-55.3703703703704
			37.5925925925926	-55.5555555555556
			37.7777777777778	-55.7407407407407
			37.962962962963	-55.9259259259259
			38.1481481481481	-56.1111111111111
			38.3333333333333	-56.1111111111111
			38.5185185185185	-56.2962962962963
			38.7037037037037	-56.4814814814815
			38.8888888888889	-56.4814814814815
			39.0740740740741	-56.6666666666667
			39.2592592592593	-56.6666666666667
			39.4444444444444	-56.8518518518518
			39.6296296296296	-56.8518518518518
			39.8148148148148	-57.037037037037
			40	-57.037037037037
			40.1851851851852	-57.2222222222222
			40.3703703703704	-57.2222222222222
			40.5555555555556	-57.4074074074074
			40.7407407407407	-57.5925925925926
			40.9259259259259	-57.5925925925926
			41.1111111111111	-57.7777777777778
			41.2962962962963	-57.7777777777778
			41.4814814814815	-57.962962962963
			41.6666666666667	-57.962962962963
			41.8518518518518	-58.1481481481481
			42.037037037037	-58.1481481481481
			42.2222222222222	-58.1481481481481
			42.2222222222222	-58.3333333333333
			42.4074074074074	-58.3333333333333
			42.5925925925926	-58.3333333333333
			42.5925925925926	-58.5185185185185
			42.7777777777778	-58.5185185185185
			42.962962962963	-58.5185185185185
			43.1481481481481	-58.7037037037037
			43.3333333333333	-58.7037037037037
			43.5185185185185	-58.8888888888889
			43.7037037037037	-58.8888888888889
			43.8888888888889	-58.8888888888889
			43.8888888888889	-59.0740740740741
			44.0740740740741	-59.0740740740741
			44.2592592592593	-59.0740740740741
			44.4444444444444	-59.2592592592593
			44.6296296296296	-59.2592592592593
			44.8148148148148	-59.4444444444444
			45	-59.4444444444444
			45.1851851851852	-59.6296296296296
			45.3703703703704	-59.6296296296296
			45.5555555555556	-59.6296296296296
			45.7407407407407	-59.8148148148148
			45.9259259259259	-59.8148148148148
			46.1111111111111	-60
			46.2962962962963	-60
			46.4814814814815	-60
			46.6666666666667	-60.1851851851852
			46.8518518518518	-60.1851851851852
			47.037037037037	-60.3703703703704
			47.2222222222222	-60.3703703703704
			47.4074074074074	-60.3703703703704
			47.5925925925926	-60.5555555555556
			47.7777777777778	-60.5555555555556
			47.962962962963	-60.5555555555556
			48.1481481481481	-60.7407407407407
			48.3333333333333	-60.7407407407407
			48.5185185185185	-60.7407407407407
			48.7037037037037	-60.7407407407407
			48.8888888888889	-60.9259259259259
			49.0740740740741	-60.9259259259259
			49.2592592592593	-60.9259259259259
			49.4444444444444	-61.1111111111111
			49.6296296296296	-61.1111111111111
			49.8148148148148	-61.1111111111111
			50	-61.1111111111111
			50.1851851851852	-61.1111111111111
			50.3703703703704	-61.2962962962963
			50.5555555555556	-61.2962962962963
			50.7407407407407	-61.2962962962963
			50.9259259259259	-61.2962962962963
			51.1111111111111	-61.2962962962963
			51.2962962962963	-61.2962962962963
			51.4814814814815	-61.4814814814815
			51.6666666666667	-61.4814814814815
			51.8518518518518	-61.4814814814815
			52.037037037037	-61.4814814814815
			52.2222222222222	-61.4814814814815
			52.4074074074074	-61.4814814814815
			52.5925925925926	-61.4814814814815
			52.7777777777778	-61.6666666666667
			52.962962962963	-61.6666666666667
			53.1481481481481	-61.6666666666667
			53.3333333333333	-61.6666666666667
			53.5185185185185	-61.6666666666667
			53.7037037037037	-61.6666666666667
			53.8888888888889	-61.6666666666667
			54.0740740740741	-61.6666666666667
			54.2592592592593	-61.6666666666667
			54.4444444444444	-61.6666666666667
			54.6296296296296	-61.6666666666667
			54.8148148148148	-61.6666666666667
			55	-61.6666666666667
			55.1851851851852	-61.6666666666667
			55.3703703703704	-61.6666666666667
			55.5555555555556	-61.6666666666667
			55.7407407407407	-61.6666666666667
			55.9259259259259	-61.6666666666667
			56.1111111111111	-61.6666666666667
			56.2962962962963	-61.6666666666667
			56.4814814814815	-61.6666666666667
			56.6666666666667	-61.6666666666667
			56.8518518518518	-61.6666666666667
			57.037037037037	-61.6666666666667
			57.2222222222222	-61.6666666666667
			57.4074074074074	-61.6666666666667
			57.5925925925926	-61.6666666666667
			57.7777777777778	-61.6666666666667
			57.962962962963	-61.4814814814815
			58.1481481481481	-61.4814814814815
			58.3333333333333	-61.4814814814815
			58.5185185185185	-61.4814814814815
			58.7037037037037	-61.4814814814815
			58.8888888888889	-61.4814814814815
			59.0740740740741	-61.4814814814815
			59.2592592592593	-61.4814814814815
			59.4444444444444	-61.2962962962963
			59.6296296296296	-61.2962962962963
			59.8148148148148	-61.2962962962963
			60	-61.2962962962963
			60.1851851851852	-61.2962962962963
			60.3703703703704	-61.1111111111111
			60.5555555555556	-61.1111111111111
			60.7407407407407	-61.1111111111111
			60.9259259259259	-61.1111111111111
			61.1111111111111	-61.1111111111111
			61.2962962962963	-60.9259259259259
			61.4814814814815	-60.9259259259259
			61.6666666666667	-60.9259259259259
			61.8518518518518	-60.9259259259259
			62.037037037037	-60.7407407407407
			62.2222222222222	-60.7407407407407
			62.4074074074074	-60.7407407407407
			62.5925925925926	-60.5555555555556
			62.7777777777778	-60.5555555555556
			62.962962962963	-60.5555555555556
			63.1481481481481	-60.5555555555556
			63.3333333333333	-60.3703703703704
			63.5185185185185	-60.3703703703704
			63.7037037037037	-60.3703703703704
			63.8888888888889	-60.1851851851852
			64.0740740740741	-60.1851851851852
			64.2592592592593	-60.1851851851852
			64.4444444444444	-60
			64.6296296296296	-60
			64.8148148148148	-59.8148148148148
			65	-59.8148148148148
			65.1851851851852	-59.8148148148148
			65.3703703703704	-59.6296296296296
			65.5555555555556	-59.6296296296296
			65.7407407407407	-59.4444444444444
			65.9259259259259	-59.4444444444444
			66.1111111111111	-59.4444444444444
			66.2962962962963	-59.2592592592593
			66.4814814814815	-59.2592592592593
			66.6666666666667	-59.0740740740741
			66.8518518518518	-59.0740740740741
			67.037037037037	-58.8888888888889
			67.2222222222222	-58.8888888888889
		</dorsal_edge_of_snout>
		<ventral_edge_of_snout type=matrix rownames=FALSE colnames=FALSE nrow=101 ncol=2 as.numeric=TRUE >
			22.4074074074074	-87.037037037037
			22.5925925925926	-87.2222222222222
			22.7777777777778	-87.2222222222222
			22.7777777777778	-87.4074074074074
			22.962962962963	-87.5925925925926
			23.1481481481481	-87.5925925925926
			23.3333333333333	-87.7777777777778
			23.5185185185185	-87.962962962963
			23.7037037037037	-87.962962962963
			23.8888888888889	-88.1481481481481
			24.0740740740741	-88.1481481481481
			24.2592592592593	-88.3333333333333
			24.4444444444444	-88.3333333333333
			24.6296296296296	-88.3333333333333
			24.8148148148148	-88.5185185185185
			25	-88.5185185185185
			25.1851851851852	-88.5185185185185
			25.3703703703704	-88.7037037037037
			25.5555555555556	-88.7037037037037
			25.7407407407407	-88.7037037037037
			25.9259259259259	-88.7037037037037
			26.1111111111111	-88.8888888888889
			26.2962962962963	-88.8888888888889
			26.4814814814815	-88.8888888888889
			26.6666666666667	-88.8888888888889
			26.8518518518519	-88.8888888888889
			27.037037037037	-88.8888888888889
			27.2222222222222	-89.0740740740741
			27.4074074074074	-89.0740740740741
			27.5925925925926	-89.0740740740741
			27.7777777777778	-89.0740740740741
			27.962962962963	-89.0740740740741
			28.1481481481481	-89.0740740740741
			28.3333333333333	-89.0740740740741
			28.5185185185185	-89.0740740740741
			28.7037037037037	-89.0740740740741
			28.8888888888889	-89.0740740740741
			29.0740740740741	-89.0740740740741
			29.2592592592593	-89.0740740740741
			29.4444444444444	-89.0740740740741
			29.6296296296296	-89.0740740740741
			29.8148148148148	-89.0740740740741
			30	-89.0740740740741
			30.1851851851852	-89.0740740740741
			30.3703703703704	-89.0740740740741
			30.5555555555556	-89.0740740740741
			30.7407407407407	-89.0740740740741
			30.9259259259259	-89.0740740740741
			31.1111111111111	-89.0740740740741
			31.2962962962963	-89.0740740740741
			31.4814814814815	-89.0740740740741
			31.6666666666667	-89.0740740740741
			31.8518518518519	-88.8888888888889
			32.037037037037	-88.8888888888889
			32.2222222222222	-88.8888888888889
			32.4074074074074	-88.8888888888889
			32.5925925925926	-88.8888888888889
			32.5925925925926	-88.7037037037037
			32.7777777777778	-88.7037037037037
			32.962962962963	-88.7037037037037
			33.1481481481481	-88.7037037037037
			33.3333333333333	-88.5185185185185
			33.5185185185185	-88.5185185185185
			33.7037037037037	-88.5185185185185
			33.8888888888889	-88.5185185185185
			34.0740740740741	-88.3333333333333
			34.2592592592593	-88.3333333333333
			34.4444444444444	-88.3333333333333
			34.6296296296296	-88.1481481481481
			34.8148148148148	-88.1481481481481
			35	-88.1481481481481
			35.1851851851852	-88.1481481481481
			35.3703703703704	-87.962962962963
			35.5555555555556	-87.962962962963
			35.7407407407407	-87.7777777777778
			35.9259259259259	-87.7777777777778
			36.1111111111111	-87.5925925925926
			36.2962962962963	-87.5925925925926
			36.4814814814815	-87.5925925925926
			36.6666666666667	-87.4074074074074
			36.8518518518518	-87.4074074074074
			37.037037037037	-87.2222222222222
			37.2222222222222	-87.2222222222222
			37.4074074074074	-87.2222222222222
			37.5925925925926	-87.037037037037
			37.7777777777778	-87.037037037037
			37.962962962963	-87.037037037037
			38.1481481481481	-87.037037037037
			38.3333333333333	-87.037037037037
			38.5185185185185	-86.8518518518518
			38.7037037037037	-86.8518518518518
			38.8888888888889	-86.8518518518518
			39.0740740740741	-86.8518518518518
			39.2592592592593	-86.8518518518518
			39.4444444444444	-86.8518518518518
			39.6296296296296	-86.8518518518518
			39.8148148148148	-86.8518518518518
			40	-86.8518518518518
			40.1851851851852	-86.8518518518518
			40.3703703703704	-86.8518518518518
			40.5555555555556	-86.8518518518518
		</ventral_edge_of_snout>
		<dorsal_edge_of_narial_opening type=matrix rownames=FALSE colnames=FALSE nrow=254 ncol=2 as.numeric=TRUE >
			15.5555555555556	-78.7037037037037
			15.5555555555556	-78.5185185185185
			15.5555555555556	-78.3333333333333
			15.7407407407407	-78.1481481481481
			15.7407407407407	-77.962962962963
			15.7407407407407	-77.7777777777778
			15.7407407407407	-77.5925925925926
			15.9259259259259	-77.4074074074074
			15.9259259259259	-77.2222222222222
			16.1111111111111	-77.037037037037
			16.1111111111111	-76.8518518518518
			16.2962962962963	-76.6666666666667
			16.2962962962963	-76.4814814814815
			16.4814814814815	-76.2962962962963
			16.4814814814815	-76.1111111111111
			16.6666666666667	-76.1111111111111
			16.6666666666667	-75.9259259259259
			16.8518518518519	-75.7407407407407
			17.037037037037	-75.5555555555556
			17.037037037037	-75.3703703703704
			17.2222222222222	-75.3703703703704
			17.4074074074074	-75.1851851851852
			17.5925925925926	-75
			17.7777777777778	-74.8148148148148
			17.962962962963	-74.8148148148148
			17.962962962963	-74.6296296296296
			18.1481481481481	-74.4444444444444
			18.3333333333333	-74.4444444444444
			18.5185185185185	-74.2592592592593
			18.7037037037037	-74.2592592592593
			18.8888888888889	-74.0740740740741
			19.0740740740741	-74.0740740740741
			19.0740740740741	-73.8888888888889
			19.2592592592593	-73.8888888888889
			19.4444444444444	-73.8888888888889
			19.4444444444444	-73.7037037037037
			19.6296296296296	-73.7037037037037
			19.8148148148148	-73.7037037037037
			20	-73.7037037037037
			20	-73.5185185185185
			20.1851851851852	-73.5185185185185
			20.3703703703704	-73.5185185185185
			20.5555555555556	-73.3333333333333
			20.7407407407407	-73.3333333333333
			20.9259259259259	-73.1481481481481
			21.1111111111111	-73.1481481481481
			21.2962962962963	-73.1481481481481
			21.4814814814815	-73.1481481481481
			21.6666666666667	-72.962962962963
			21.8518518518519	-72.962962962963
			22.037037037037	-72.962962962963
			22.2222222222222	-72.962962962963
			22.4074074074074	-72.7777777777778
			22.5925925925926	-72.7777777777778
			22.7777777777778	-72.7777777777778
			22.962962962963	-72.7777777777778
			23.1481481481481	-72.7777777777778
			23.3333333333333	-72.5925925925926
			23.5185185185185	-72.5925925925926
			23.7037037037037	-72.5925925925926
			23.8888888888889	-72.5925925925926
			24.0740740740741	-72.5925925925926
			24.2592592592593	-72.5925925925926
			24.4444444444444	-72.4074074074074
			24.6296296296296	-72.4074074074074
			24.8148148148148	-72.4074074074074
			25	-72.4074074074074
			25.1851851851852	-72.4074074074074
			25.3703703703704	-72.4074074074074
			25.5555555555556	-72.4074074074074
			25.7407407407407	-72.2222222222222
			25.9259259259259	-72.2222222222222
			26.1111111111111	-72.2222222222222
			26.2962962962963	-72.037037037037
			26.4814814814815	-72.037037037037
			26.6666666666667	-72.037037037037
			26.8518518518519	-71.8518518518518
			27.037037037037	-71.8518518518518
			27.2222222222222	-71.6666666666667
			27.4074074074074	-71.6666666666667
			27.5925925925926	-71.4814814814815
			27.7777777777778	-71.4814814814815
			27.962962962963	-71.2962962962963
			28.1481481481481	-71.1111111111111
			28.3333333333333	-71.1111111111111
			28.5185185185185	-70.9259259259259
			28.7037037037037	-70.7407407407407
			28.7037037037037	-70.5555555555556
			28.8888888888889	-70.3703703703704
			28.8888888888889	-70.1851851851852
			29.0740740740741	-70
			29.0740740740741	-69.8148148148148
			29.2592592592593	-69.6296296296296
			29.4444444444444	-69.6296296296296
			29.4444444444444	-69.4444444444444
			29.6296296296296	-69.2592592592593
			29.6296296296296	-69.0740740740741
			29.8148148148148	-68.8888888888889
			30	-68.8888888888889
			30	-68.7037037037037
			30.1851851851852	-68.5185185185185
			30.3703703703704	-68.3333333333333
			30.5555555555556	-68.1481481481481
			30.7407407407407	-67.962962962963
			30.9259259259259	-67.7777777777778
			31.1111111111111	-67.5925925925926
			31.2962962962963	-67.4074074074074
			31.4814814814815	-67.4074074074074
			31.6666666666667	-67.2222222222222
			31.8518518518519	-67.037037037037
			32.037037037037	-66.8518518518518
			32.2222222222222	-66.8518518518518
			32.4074074074074	-66.6666666666667
			32.5925925925926	-66.4814814814815
			32.7777777777778	-66.4814814814815
			32.962962962963	-66.2962962962963
			33.1481481481481	-66.1111111111111
			33.3333333333333	-66.1111111111111
			33.5185185185185	-65.9259259259259
			33.7037037037037	-65.9259259259259
			33.8888888888889	-65.7407407407407
			34.0740740740741	-65.7407407407407
			34.2592592592593	-65.7407407407407
			34.2592592592593	-65.5555555555556
			34.4444444444444	-65.5555555555556
			34.6296296296296	-65.5555555555556
			34.8148148148148	-65.3703703703704
			35	-65.3703703703704
			35.1851851851852	-65.3703703703704
			35.3703703703704	-65.1851851851852
			35.5555555555556	-65.1851851851852
			35.7407407407407	-65.1851851851852
			35.9259259259259	-65
			36.1111111111111	-65
			36.2962962962963	-65
			36.4814814814815	-64.8148148148148
			36.6666666666667	-64.8148148148148
			36.8518518518518	-64.8148148148148
			37.037037037037	-64.8148148148148
			37.2222222222222	-64.6296296296296
			37.4074074074074	-64.6296296296296
			37.5925925925926	-64.6296296296296
			37.7777777777778	-64.6296296296296
			37.962962962963	-64.6296296296296
			38.1481481481481	-64.4444444444444
			38.3333333333333	-64.4444444444444
			38.5185185185185	-64.4444444444444
			38.7037037037037	-64.4444444444444
			38.8888888888889	-64.4444444444444
			39.0740740740741	-64.2592592592593
			39.2592592592593	-64.2592592592593
			39.4444444444444	-64.2592592592593
			39.6296296296296	-64.2592592592593
			39.8148148148148	-64.2592592592593
			40	-64.2592592592593
			40.1851851851852	-64.2592592592593
			40.3703703703704	-64.2592592592593
			40.5555555555556	-64.2592592592593
			40.7407407407407	-64.2592592592593
			40.9259259259259	-64.2592592592593
			41.1111111111111	-64.2592592592593
			41.2962962962963	-64.2592592592593
			41.4814814814815	-64.2592592592593
			41.6666666666667	-64.2592592592593
			41.8518518518518	-64.2592592592593
			42.037037037037	-64.2592592592593
			42.2222222222222	-64.4444444444444
			42.4074074074074	-64.4444444444444
			42.5925925925926	-64.4444444444444
			42.7777777777778	-64.4444444444444
			42.962962962963	-64.4444444444444
			43.1481481481481	-64.6296296296296
			43.3333333333333	-64.6296296296296
			43.5185185185185	-64.6296296296296
			43.7037037037037	-64.6296296296296
			43.8888888888889	-64.8148148148148
			44.0740740740741	-64.8148148148148
			44.2592592592593	-64.8148148148148
			44.4444444444444	-65
			44.6296296296296	-65
			44.8148148148148	-65
			45	-65.1851851851852
			45.1851851851852	-65.1851851851852
			45.3703703703704	-65.3703703703704
			45.5555555555556	-65.3703703703704
			45.7407407407407	-65.5555555555556
			45.9259259259259	-65.5555555555556
			46.1111111111111	-65.5555555555556
			46.2962962962963	-65.7407407407407
			46.4814814814815	-65.7407407407407
			46.6666666666667	-65.9259259259259
			46.8518518518518	-65.9259259259259
			47.037037037037	-66.1111111111111
			47.2222222222222	-66.1111111111111
			47.4074074074074	-66.2962962962963
			47.5925925925926	-66.2962962962963
			47.7777777777778	-66.4814814814815
			47.962962962963	-66.4814814814815
			47.962962962963	-66.6666666666667
			48.1481481481481	-66.6666666666667
			48.3333333333333	-66.8518518518518
			48.5185185185185	-66.8518518518518
			48.7037037037037	-67.037037037037
			48.8888888888889	-67.2222222222222
			49.0740740740741	-67.2222222222222
			49.2592592592593	-67.4074074074074
			49.4444444444444	-67.4074074074074
			49.6296296296296	-67.5925925925926
			49.8148148148148	-67.7777777777778
			50	-67.7777777777778
			50.1851851851852	-67.962962962963
			50.3703703703704	-67.962962962963
			50.5555555555556	-68.1481481481481
			50.7407407407407	-68.3333333333333
			50.9259259259259	-68.3333333333333
			51.1111111111111	-68.5185185185185
			51.1111111111111	-68.7037037037037
			51.2962962962963	-68.7037037037037
			51.4814814814815	-68.8888888888889
			51.6666666666667	-68.8888888888889
			51.6666666666667	-69.0740740740741
			51.8518518518518	-69.2592592592593
			52.037037037037	-69.2592592592593
			52.2222222222222	-69.4444444444444
			52.2222222222222	-69.6296296296296
			52.4074074074074	-69.6296296296296
			52.5925925925926	-69.8148148148148
			52.5925925925926	-70
			52.7777777777778	-70
			52.7777777777778	-70.1851851851852
			52.962962962963	-70.1851851851852
			52.962962962963	-70.3703703703704
			53.1481481481481	-70.5555555555556
			53.3333333333333	-70.7407407407407
			53.5185185185185	-70.9259259259259
			53.5185185185185	-71.1111111111111
			53.7037037037037	-71.2962962962963
			53.7037037037037	-71.4814814814815
			53.8888888888889	-71.6666666666667
			54.0740740740741	-71.8518518518518
			54.0740740740741	-72.037037037037
			54.0740740740741	-72.2222222222222
			54.2592592592593	-72.4074074074074
			54.2592592592593	-72.5925925925926
			54.2592592592593	-72.7777777777778
			54.4444444444444	-72.962962962963
			54.4444444444444	-73.1481481481481
			54.4444444444444	-73.3333333333333
			54.4444444444444	-73.5185185185185
			54.4444444444444	-73.7037037037037
			54.4444444444444	-73.8888888888889
			54.4444444444444	-74.0740740740741
			54.4444444444444	-74.2592592592593
			54.4444444444444	-74.4444444444444
		</dorsal_edge_of_narial_opening>
		<ventral_edge_of_narial_opening type=matrix rownames=FALSE colnames=FALSE nrow=247 ncol=2 as.numeric=TRUE >
			54.4444444444444	-74.4444444444444
			54.4444444444444	-74.6296296296296
			54.4444444444444	-74.8148148148148
			54.4444444444444	-75
			54.4444444444444	-75.1851851851852
			54.4444444444444	-75.3703703703704
			54.4444444444444	-75.5555555555556
			54.4444444444444	-75.7407407407407
			54.4444444444444	-75.9259259259259
			54.4444444444444	-76.1111111111111
			54.2592592592593	-76.2962962962963
			54.2592592592593	-76.4814814814815
			54.2592592592593	-76.6666666666667
			54.2592592592593	-76.8518518518518
			54.0740740740741	-77.037037037037
			54.0740740740741	-77.2222222222222
			54.0740740740741	-77.4074074074074
			53.8888888888889	-77.5925925925926
			53.8888888888889	-77.7777777777778
			53.7037037037037	-77.962962962963
			53.5185185185185	-78.1481481481481
			53.5185185185185	-78.3333333333333
			53.3333333333333	-78.5185185185185
			53.3333333333333	-78.7037037037037
			53.1481481481481	-78.8888888888889
			52.962962962963	-79.0740740740741
			52.7777777777778	-79.2592592592593
			52.7777777777778	-79.4444444444444
			52.5925925925926	-79.6296296296296
			52.4074074074074	-79.8148148148148
			52.2222222222222	-80
			52.037037037037	-80.1851851851852
			51.8518518518518	-80.3703703703704
			51.6666666666667	-80.5555555555556
			51.4814814814815	-80.7407407407407
			51.2962962962963	-80.9259259259259
			51.1111111111111	-81.1111111111111
			50.9259259259259	-81.1111111111111
			50.7407407407407	-81.2962962962963
			50.5555555555556	-81.4814814814815
			50.3703703703704	-81.4814814814815
			50.1851851851852	-81.6666666666667
			50	-81.8518518518518
			49.8148148148148	-81.8518518518518
			49.6296296296296	-82.037037037037
			49.4444444444444	-82.2222222222222
			49.2592592592593	-82.2222222222222
			49.0740740740741	-82.4074074074074
			48.8888888888889	-82.4074074074074
			48.8888888888889	-82.5925925925926
			48.7037037037037	-82.5925925925926
			48.5185185185185	-82.7777777777778
			48.3333333333333	-82.7777777777778
			48.1481481481481	-82.962962962963
			47.962962962963	-82.962962962963
			47.7777777777778	-83.1481481481481
			47.5925925925926	-83.1481481481481
			47.4074074074074	-83.3333333333333
			47.2222222222222	-83.3333333333333
			47.037037037037	-83.5185185185185
			46.8518518518518	-83.5185185185185
			46.6666666666667	-83.5185185185185
			46.6666666666667	-83.7037037037037
			46.4814814814815	-83.7037037037037
			46.2962962962963	-83.8888888888889
			46.1111111111111	-83.8888888888889
			45.9259259259259	-83.8888888888889
			45.7407407407407	-84.0740740740741
			45.5555555555556	-84.0740740740741
			45.3703703703704	-84.2592592592593
			45.1851851851852	-84.2592592592593
			45	-84.2592592592593
			44.8148148148148	-84.4444444444444
			44.6296296296296	-84.4444444444444
			44.4444444444444	-84.4444444444444
			44.4444444444444	-84.6296296296296
			44.2592592592593	-84.6296296296296
			44.0740740740741	-84.6296296296296
			43.8888888888889	-84.8148148148148
			43.7037037037037	-84.8148148148148
			43.5185185185185	-84.8148148148148
			43.3333333333333	-85
			43.1481481481481	-85
			42.962962962963	-85
			42.7777777777778	-85.1851851851852
			42.5925925925926	-85.1851851851852
			42.4074074074074	-85.1851851851852
			42.2222222222222	-85.1851851851852
			42.037037037037	-85.3703703703704
			41.8518518518518	-85.3703703703704
			41.6666666666667	-85.3703703703704
			41.4814814814815	-85.3703703703704
			41.2962962962963	-85.3703703703704
			41.1111111111111	-85.3703703703704
			40.9259259259259	-85.5555555555556
			40.7407407407407	-85.5555555555556
			40.5555555555556	-85.5555555555556
			40.3703703703704	-85.5555555555556
			40.1851851851852	-85.5555555555556
			40	-85.7407407407407
			39.8148148148148	-85.7407407407407
			39.6296296296296	-85.7407407407407
			39.4444444444444	-85.7407407407407
			39.2592592592593	-85.7407407407407
			39.0740740740741	-85.7407407407407
			38.8888888888889	-85.9259259259259
			38.7037037037037	-85.9259259259259
			38.5185185185185	-85.9259259259259
			38.3333333333333	-85.9259259259259
			38.1481481481481	-85.9259259259259
			37.962962962963	-85.9259259259259
			37.7777777777778	-86.1111111111111
			37.5925925925926	-86.1111111111111
			37.4074074074074	-86.1111111111111
			37.2222222222222	-86.1111111111111
			37.037037037037	-86.1111111111111
			36.8518518518518	-86.1111111111111
			36.6666666666667	-86.1111111111111
			36.4814814814815	-86.2962962962963
			36.2962962962963	-86.2962962962963
			36.1111111111111	-86.2962962962963
			35.9259259259259	-86.2962962962963
			35.7407407407407	-86.2962962962963
			35.5555555555556	-86.2962962962963
			35.3703703703704	-86.2962962962963
			35.1851851851852	-86.2962962962963
			35	-86.4814814814815
			34.8148148148148	-86.4814814814815
			34.6296296296296	-86.4814814814815
			34.4444444444444	-86.4814814814815
			34.2592592592593	-86.4814814814815
			34.0740740740741	-86.4814814814815
			33.8888888888889	-86.4814814814815
			33.7037037037037	-86.4814814814815
			33.5185185185185	-86.4814814814815
			33.3333333333333	-86.6666666666667
			33.1481481481481	-86.6666666666667
			32.962962962963	-86.6666666666667
			32.7777777777778	-86.6666666666667
			32.5925925925926	-86.6666666666667
			32.4074074074074	-86.6666666666667
			32.2222222222222	-86.6666666666667
			32.037037037037	-86.6666666666667
			31.8518518518519	-86.6666666666667
			31.6666666666667	-86.6666666666667
			31.4814814814815	-86.6666666666667
			31.2962962962963	-86.6666666666667
			31.1111111111111	-86.6666666666667
			30.9259259259259	-86.6666666666667
			30.7407407407407	-86.6666666666667
			30.5555555555556	-86.6666666666667
			30.3703703703704	-86.6666666666667
			30.1851851851852	-86.6666666666667
			30	-86.6666666666667
			29.8148148148148	-86.6666666666667
			29.6296296296296	-86.6666666666667
			29.4444444444444	-86.6666666666667
			29.2592592592593	-86.6666666666667
			29.0740740740741	-86.6666666666667
			28.8888888888889	-86.6666666666667
			28.7037037037037	-86.6666666666667
			28.5185185185185	-86.6666666666667
			28.3333333333333	-86.6666666666667
			28.1481481481481	-86.6666666666667
			27.962962962963	-86.6666666666667
			27.7777777777778	-86.6666666666667
			27.5925925925926	-86.6666666666667
			27.4074074074074	-86.4814814814815
			27.2222222222222	-86.4814814814815
			27.037037037037	-86.4814814814815
			26.8518518518519	-86.4814814814815
			26.6666666666667	-86.4814814814815
			26.4814814814815	-86.4814814814815
			26.2962962962963	-86.2962962962963
			26.1111111111111	-86.2962962962963
			25.9259259259259	-86.2962962962963
			25.7407407407407	-86.2962962962963
			25.5555555555556	-86.2962962962963
			25.3703703703704	-86.1111111111111
			25.1851851851852	-86.1111111111111
			25	-86.1111111111111
			24.8148148148148	-86.1111111111111
			24.6296296296296	-86.1111111111111
			24.4444444444444	-85.9259259259259
			24.2592592592593	-85.9259259259259
			24.0740740740741	-85.9259259259259
			23.8888888888889	-85.9259259259259
			23.7037037037037	-85.9259259259259
			23.5185185185185	-85.7407407407407
			23.3333333333333	-85.7407407407407
			23.1481481481481	-85.7407407407407
			22.962962962963	-85.5555555555556
			22.7777777777778	-85.5555555555556
			22.5925925925926	-85.5555555555556
			22.4074074074074	-85.5555555555556
			22.2222222222222	-85.3703703703704
			22.037037037037	-85.3703703703704
			21.8518518518519	-85.3703703703704
			21.6666666666667	-85.1851851851852
			21.4814814814815	-85.1851851851852
			21.2962962962963	-85.1851851851852
			21.1111111111111	-85
			20.9259259259259	-85
			20.7407407407407	-85
			20.5555555555556	-84.8148148148148
			20.3703703703704	-84.8148148148148
			20.1851851851852	-84.6296296296296
			20	-84.6296296296296
			19.8148148148148	-84.4444444444444
			19.6296296296296	-84.4444444444444
			19.4444444444444	-84.2592592592593
			19.2592592592593	-84.2592592592593
			19.0740740740741	-84.0740740740741
			18.8888888888889	-84.0740740740741
			18.8888888888889	-83.8888888888889
			18.7037037037037	-83.8888888888889
			18.5185185185185	-83.7037037037037
			18.3333333333333	-83.7037037037037
			18.1481481481481	-83.5185185185185
			17.962962962963	-83.3333333333333
			17.7777777777778	-83.1481481481481
			17.5925925925926	-82.962962962963
			17.4074074074074	-82.962962962963
			17.2222222222222	-82.7777777777778
			17.2222222222222	-82.5925925925926
			17.037037037037	-82.5925925925926
			16.8518518518519	-82.4074074074074
			16.8518518518519	-82.2222222222222
			16.6666666666667	-82.037037037037
			16.4814814814815	-81.8518518518518
			16.2962962962963	-81.6666666666667
			16.2962962962963	-81.4814814814815
			16.1111111111111	-81.2962962962963
			16.1111111111111	-81.1111111111111
			15.9259259259259	-80.9259259259259
			15.9259259259259	-80.7407407407407
			15.9259259259259	-80.5555555555556
			15.7407407407407	-80.3703703703704
			15.7407407407407	-80.1851851851852
			15.7407407407407	-80
			15.5555555555556	-79.8148148148148
			15.5555555555556	-79.6296296296296
			15.5555555555556	-79.4444444444444
			15.5555555555556	-79.2592592592593
			15.5555555555556	-79.0740740740741
			15.5555555555556	-78.8888888888889
			15.5555555555556	-78.7037037037037
		</ventral_edge_of_narial_opening>
		<dorsal_edge_of_antorbital_fenestra type=matrix rownames=FALSE colnames=FALSE nrow=37 ncol=2 as.numeric=TRUE >
			57.4074074074074	-78.7037037037037
			57.5925925925926	-78.5185185185185
			57.5925925925926	-78.3333333333333
			57.7777777777778	-78.3333333333333
			57.7777777777778	-78.1481481481481
			57.962962962963	-77.962962962963
			57.962962962963	-77.7777777777778
			58.1481481481481	-77.7777777777778
			58.3333333333333	-77.5925925925926
			58.3333333333333	-77.4074074074074
			58.5185185185185	-77.4074074074074
			58.7037037037037	-77.2222222222222
			58.7037037037037	-77.037037037037
			58.8888888888889	-77.037037037037
			59.0740740740741	-76.8518518518518
			59.0740740740741	-76.6666666666667
			59.2592592592593	-76.6666666666667
			59.4444444444444	-76.4814814814815
			59.6296296296296	-76.2962962962963
			59.8148148148148	-76.1111111111111
			60	-76.1111111111111
			60.1851851851852	-75.9259259259259
			60.3703703703704	-75.7407407407407
			60.5555555555556	-75.7407407407407
			60.7407407407407	-75.5555555555556
			60.9259259259259	-75.3703703703704
			61.1111111111111	-75.3703703703704
			61.2962962962963	-75.1851851851852
			61.4814814814815	-75
			61.6666666666667	-75
			61.8518518518518	-75
			62.037037037037	-74.8148148148148
			62.2222222222222	-74.8148148148148
			62.4074074074074	-74.6296296296296
			62.5925925925926	-74.6296296296296
			62.7777777777778	-74.4444444444444
			62.962962962963	-74.4444444444444
		</dorsal_edge_of_antorbital_fenestra>
		<ventral_edge_of_antorbital_fenestra type=matrix rownames=FALSE colnames=FALSE nrow=37 ncol=2 as.numeric=TRUE >
			62.962962962963	-74.4444444444444
			62.962962962963	-74.6296296296296
			62.7777777777778	-74.8148148148148
			62.7777777777778	-75
			62.5925925925926	-75.1851851851852
			62.5925925925926	-75.3703703703704
			62.4074074074074	-75.5555555555556
			62.4074074074074	-75.7407407407407
			62.2222222222222	-75.9259259259259
			62.2222222222222	-76.1111111111111
			62.037037037037	-76.2962962962963
			61.8518518518518	-76.4814814814815
			61.6666666666667	-76.6666666666667
			61.6666666666667	-76.8518518518518
			61.4814814814815	-77.037037037037
			61.2962962962963	-77.2222222222222
			61.1111111111111	-77.2222222222222
			60.9259259259259	-77.4074074074074
			60.7407407407407	-77.5925925925926
			60.5555555555556	-77.7777777777778
			60.3703703703704	-77.962962962963
			60.1851851851852	-77.962962962963
			60	-77.962962962963
			59.8148148148148	-78.1481481481481
			59.6296296296296	-78.3333333333333
			59.4444444444444	-78.3333333333333
			59.2592592592593	-78.3333333333333
			59.0740740740741	-78.5185185185185
			58.8888888888889	-78.5185185185185
			58.7037037037037	-78.5185185185185
			58.5185185185185	-78.5185185185185
			58.3333333333333	-78.5185185185185
			58.1481481481481	-78.7037037037037
			57.962962962963	-78.7037037037037
			57.7777777777778	-78.7037037037037
			57.5925925925926	-78.7037037037037
			57.4074074074074	-78.7037037037037
		</ventral_edge_of_antorbital_fenestra>
	</curves.scaled>
	<ruler.points type=matrix rownames=TRUE colnames=FALSE nrow=2 ncol=2 as.numeric=TRUE >
		Ruler point 1	677	555
		Ruler point 2	731	555
	</ruler.points>
</shapes>

