<shapes type=list>
	<ruler.pixel type=vector names=FALSE length=1 as.numeric=TRUE >79</ruler.pixel>
	<ruler.interval type=vector names=FALSE length=1 as.numeric=TRUE >10</ruler.interval>
	<scaling.units type=vector names=FALSE length=1 as.numeric=FALSE >cm</scaling.units>
	<scaling type=vector names=FALSE length=1 as.numeric=TRUE >0.126582278481013</scaling>
	<landmarks.pixel type=matrix rownames=TRUE colnames=FALSE nrow=8 ncol=2 as.numeric=TRUE >
		upper_contact_of_premaxilla_rostral	149	429
		projection_of_nasal_edge_lacrimal_contact	516	299
		lower_contact_of_premaxilla_rostral	218	573
		lower_contact_of_premaxilla_maxilla	326	570
		maximum_curvature_point_of_narial_opening_at_caudo_dorsal_edge	360	405
		maximum_curvature_point_of_narial_opening_at_anterio_ventral_edge	164	507
		maximum_curvature_point_of_antorbital_fenestra_at_caudo_dorsal_edge	458	432
		maximum_curvature_point_of_antorbital_fenestra_at_anterio_ventral_edge	434	463
	</landmarks.pixel>
	<landmarks.scaled type=matrix rownames=TRUE colnames=FALSE nrow=8 ncol=2 as.numeric=TRUE >
		upper_contact_of_premaxilla_rostral	18.8607594936709	-54.3037974683544
		projection_of_nasal_edge_lacrimal_contact	65.3164556962025	-37.8481012658228
		lower_contact_of_premaxilla_rostral	27.5949367088608	-72.5316455696203
		lower_contact_of_premaxilla_maxilla	41.2658227848101	-72.1518987341772
		maximum_curvature_point_of_narial_opening_at_caudo_dorsal_edge	45.5696202531646	-51.2658227848101
		maximum_curvature_point_of_narial_opening_at_anterio_ventral_edge	20.7594936708861	-64.1772151898734
		maximum_curvature_point_of_antorbital_fenestra_at_caudo_dorsal_edge	57.9746835443038	-54.6835443037975
		maximum_curvature_point_of_antorbital_fenestra_at_anterio_ventral_edge	54.9367088607595	-58.6075949367089
	</landmarks.scaled>
	<curves.control type=list>
		<dorsal_edge_of_snout type=matrix rownames=FALSE colnames=FALSE nrow=19 ncol=2 as.numeric=TRUE >
			149	429
			176	414
			178	405
			138	382
			85	338
			68	323
			64	308
			53	291
			71	294
			110	313
			153	320
			197	323
			243	334
			288	346
			326	344
			373	344
			418	331
			477	320
			516	299
		</dorsal_edge_of_snout>
		<ventral_edge_of_snout type=matrix rownames=FALSE colnames=FALSE nrow=5 ncol=2 as.numeric=TRUE >
			218	573
			246	583
			276	581
			306	580
			326	570
		</ventral_edge_of_snout>
		<dorsal_edge_of_narial_opening type=matrix rownames=FALSE colnames=FALSE nrow=7 ncol=2 as.numeric=TRUE >
			164	507
			132	452
			211	422
			198	388
			238	381
			311	376
			360	405
		</dorsal_edge_of_narial_opening>
		<ventral_edge_of_narial_opening type=matrix rownames=FALSE colnames=FALSE nrow=9 ncol=2 as.numeric=TRUE >
			360	405
			378	431
			369	484
			344	532
			280	546
			249	550
			219	538
			183	530
			164	507
		</ventral_edge_of_narial_opening>
		<dorsal_edge_of_antorbital_fenestra type=matrix rownames=FALSE colnames=FALSE nrow=5 ncol=2 as.numeric=TRUE >
			434	463
			428	453
			442	441
			448	435
			458	432
		</dorsal_edge_of_antorbital_fenestra>
		<ventral_edge_of_antorbital_fenestra type=matrix rownames=FALSE colnames=FALSE nrow=5 ncol=2 as.numeric=TRUE >
			458	432
			468	441
			456	455
			448	462
			434	463
		</ventral_edge_of_antorbital_fenestra>
	</curves.control>
	<curves.pixel type=list>
		<dorsal_edge_of_snout type=matrix rownames=FALSE colnames=FALSE nrow=635 ncol=2 as.numeric=TRUE >
			149	429
			150	429
			150	428
			151	428
			152	427
			153	427
			154	426
			155	425
			156	425
			157	424
			158	424
			159	423
			160	422
			161	422
			162	421
			163	421
			163	420
			164	420
			165	419
			166	419
			166	418
			167	418
			168	417
			169	416
			170	415
			171	414
			172	414
			173	413
			174	412
			175	411
			175	410
			176	409
			177	408
			177	407
			178	406
			178	405
			177	404
			176	404
			175	403
			174	403
			173	402
			172	401
			171	401
			170	400
			169	399
			168	399
			167	398
			166	398
			165	397
			164	396
			163	396
			162	395
			161	394
			160	394
			159	393
			158	392
			157	392
			156	391
			155	391
			154	390
			153	389
			152	388
			151	388
			150	387
			149	387
			148	386
			147	385
			146	385
			145	384
			144	383
			143	383
			142	382
			141	381
			140	381
			139	380
			138	379
			137	378
			136	378
			135	377
			134	377
			134	376
			133	376
			132	375
			131	374
			130	373
			129	372
			128	372
			127	371
			126	370
			125	370
			124	369
			123	368
			122	367
			121	366
			120	366
			119	365
			118	364
			117	363
			116	363
			115	362
			114	361
			113	360
			112	360
			111	359
			110	358
			109	357
			108	357
			107	356
			106	355
			105	354
			104	354
			103	353
			102	352
			101	351
			100	351
			99	350
			99	349
			98	348
			97	348
			96	347
			95	346
			94	345
			93	344
			92	344
			91	343
			90	342
			89	341
			88	340
			87	340
			86	339
			85	338
			84	337
			83	336
			82	335
			81	334
			80	333
			79	332
			78	331
			77	330
			76	329
			75	328
			74	327
			73	326
			72	325
			72	324
			71	323
			71	322
			70	321
			69	320
			69	319
			68	318
			67	317
			67	316
			67	315
			66	314
			66	313
			65	312
			65	311
			65	310
			64	309
			64	308
			63	307
			63	306
			62	305
			62	304
			61	303
			61	302
			60	301
			60	300
			60	299
			60	298
			60	297
			60	296
			61	295
			62	294
			63	294
			64	294
			65	294
			66	294
			67	294
			68	294
			69	294
			70	294
			71	294
			72	294
			73	295
			74	295
			75	296
			76	296
			76	297
			77	297
			78	297
			79	298
			80	298
			81	299
			82	299
			83	300
			84	300
			85	300
			86	301
			87	301
			88	302
			89	302
			90	302
			91	303
			92	303
			93	303
			93	304
			94	304
			95	305
			96	305
			97	305
			98	306
			99	306
			100	306
			101	307
			102	307
			103	307
			104	308
			105	308
			106	308
			107	309
			108	309
			109	309
			110	310
			111	310
			112	310
			113	311
			114	311
			115	311
			116	312
			117	312
			118	312
			119	312
			120	313
			121	313
			122	313
			123	313
			124	314
			125	314
			126	314
			127	315
			128	315
			129	315
			130	315
			131	316
			132	316
			133	316
			134	316
			135	316
			136	317
			137	317
			138	317
			139	317
			140	318
			141	318
			142	318
			143	318
			144	318
			145	319
			146	319
			147	319
			148	319
			149	319
			150	320
			151	320
			152	320
			153	320
			154	320
			155	320
			156	320
			157	320
			158	320
			159	320
			160	321
			161	321
			162	321
			163	321
			164	321
			165	321
			166	321
			167	321
			168	321
			169	321
			170	321
			171	322
			172	322
			173	322
			174	322
			175	322
			176	322
			177	322
			178	322
			179	322
			180	323
			181	323
			182	323
			183	323
			184	323
			185	323
			186	323
			187	323
			188	324
			189	324
			190	324
			191	324
			192	324
			193	324
			194	324
			195	325
			196	325
			197	325
			198	325
			199	325
			200	325
			201	325
			202	326
			203	326
			204	326
			205	326
			206	326
			207	327
			208	327
			209	327
			210	327
			211	327
			212	327
			213	328
			214	328
			215	328
			216	328
			217	328
			218	329
			219	329
			220	329
			221	329
			222	329
			223	330
			224	330
			225	330
			226	330
			227	330
			228	331
			229	331
			230	331
			231	331
			232	332
			233	332
			234	332
			235	332
			236	332
			237	333
			238	333
			239	333
			240	333
			241	334
			242	334
			243	334
			244	334
			245	335
			246	335
			247	335
			248	335
			249	336
			250	336
			251	336
			252	336
			253	337
			254	337
			255	337
			256	337
			257	338
			258	338
			259	338
			260	338
			261	338
			262	339
			263	339
			264	339
			265	339
			266	339
			267	340
			268	340
			269	340
			270	340
			271	340
			272	340
			273	341
			274	341
			275	341
			276	341
			277	341
			278	341
			279	342
			280	342
			281	342
			282	342
			283	342
			284	342
			285	342
			286	342
			287	343
			288	343
			289	343
			290	343
			291	343
			292	343
			293	343
			294	343
			295	343
			296	343
			296	344
			297	344
			298	344
			299	344
			300	344
			301	344
			302	344
			303	344
			304	344
			305	344
			306	344
			307	344
			308	344
			309	344
			310	344
			311	344
			312	344
			313	344
			314	344
			315	344
			316	344
			317	344
			318	344
			319	344
			320	344
			321	344
			322	344
			323	344
			324	344
			325	344
			326	344
			327	344
			328	344
			329	344
			330	344
			331	344
			332	344
			333	344
			334	344
			335	344
			336	344
			337	344
			338	344
			339	344
			340	344
			341	344
			342	344
			343	344
			344	344
			345	343
			346	343
			347	343
			348	343
			349	343
			350	343
			351	343
			352	343
			353	343
			354	343
			355	343
			356	343
			357	343
			358	342
			359	342
			360	342
			361	342
			362	342
			363	342
			364	342
			365	342
			366	342
			367	341
			368	341
			369	341
			370	341
			371	341
			372	341
			373	341
			374	341
			375	340
			376	340
			377	340
			378	340
			379	340
			380	340
			381	339
			382	339
			383	339
			384	339
			385	339
			386	339
			387	338
			388	338
			389	338
			390	338
			391	338
			392	337
			393	337
			394	337
			395	337
			396	337
			397	336
			398	336
			399	336
			400	336
			401	336
			401	335
			402	335
			403	335
			404	335
			405	334
			406	334
			407	334
			408	334
			409	334
			410	333
			411	333
			412	333
			413	332
			414	332
			415	332
			416	331
			417	331
			418	331
			419	331
			420	331
			421	330
			422	330
			423	330
			424	330
			425	330
			426	329
			427	329
			428	329
			429	329
			430	329
			431	328
			432	328
			433	328
			434	328
			435	327
			436	327
			437	327
			438	327
			439	327
			440	326
			441	326
			442	326
			443	326
			444	325
			445	325
			446	325
			447	325
			448	324
			449	324
			450	324
			451	324
			452	323
			453	323
			454	323
			455	323
			456	322
			457	322
			458	322
			459	321
			460	321
			461	321
			462	321
			463	320
			464	320
			465	320
			466	319
			467	319
			468	319
			469	318
			470	318
			471	318
			472	317
			473	317
			474	317
			475	316
			476	316
			477	316
			478	315
			479	315
			480	315
			481	314
			482	314
			483	314
			484	313
			485	313
			486	313
			487	312
			488	312
			489	311
			490	311
			491	311
			492	310
			493	310
			494	310
			495	309
			496	308
			497	308
			498	307
			499	307
			500	307
			501	306
			502	306
			503	305
			504	305
			505	305
			505	304
			506	304
			507	304
			508	303
			509	303
			510	302
			511	301
			512	301
			513	301
			514	300
			515	300
			515	299
			516	299
		</dorsal_edge_of_snout>
		<ventral_edge_of_snout type=matrix rownames=FALSE colnames=FALSE nrow=109 ncol=2 as.numeric=TRUE >
			218	573
			219	573
			220	574
			221	574
			222	574
			223	575
			224	575
			225	575
			226	576
			227	576
			228	576
			229	577
			230	577
			231	577
			232	577
			233	578
			234	578
			235	578
			236	578
			237	578
			238	579
			239	579
			240	579
			241	579
			242	579
			243	580
			244	580
			245	580
			246	580
			247	580
			248	580
			249	580
			250	580
			251	581
			252	581
			253	581
			254	581
			255	581
			256	581
			257	581
			258	581
			259	581
			260	581
			261	581
			262	581
			263	581
			264	581
			265	581
			266	581
			267	581
			268	581
			269	581
			270	581
			271	581
			272	581
			273	581
			274	581
			275	581
			276	581
			277	581
			278	581
			279	581
			280	581
			281	581
			282	581
			283	581
			284	581
			285	580
			286	580
			287	580
			288	580
			289	580
			290	580
			291	580
			292	580
			293	580
			294	579
			295	579
			296	579
			297	579
			298	579
			299	579
			300	578
			301	578
			302	578
			303	578
			304	578
			305	577
			306	577
			307	577
			308	577
			309	576
			310	576
			311	576
			312	575
			313	575
			314	575
			315	575
			316	574
			317	574
			318	574
			319	573
			320	573
			321	572
			322	572
			323	571
			324	571
			325	570
			326	570
		</ventral_edge_of_snout>
		<dorsal_edge_of_narial_opening type=matrix rownames=FALSE colnames=FALSE nrow=289 ncol=2 as.numeric=TRUE >
			164	507
			163	506
			163	505
			162	504
			162	503
			161	502
			161	501
			160	500
			160	499
			159	498
			159	497
			159	496
			158	495
			158	494
			157	493
			157	492
			157	491
			157	490
			156	489
			156	488
			156	487
			156	486
			155	485
			155	484
			155	483
			155	482
			155	481
			155	480
			155	479
			155	478
			155	477
			155	476
			155	475
			155	474
			155	473
			155	472
			155	471
			155	470
			156	469
			156	468
			156	467
			157	466
			157	465
			157	464
			158	463
			158	462
			158	461
			159	460
			159	459
			160	458
			160	457
			161	457
			161	456
			162	455
			163	454
			163	453
			164	452
			165	451
			165	450
			166	450
			167	449
			168	448
			168	447
			169	446
			170	445
			171	444
			172	444
			173	443
			174	442
			175	441
			176	440
			177	440
			178	439
			179	438
			180	437
			181	437
			182	436
			183	436
			184	435
			185	434
			186	433
			187	433
			188	432
			189	432
			190	431
			191	431
			192	430
			193	430
			194	429
			195	429
			196	428
			197	428
			198	427
			199	427
			200	427
			200	426
			201	426
			202	426
			202	425
			203	425
			204	425
			205	424
			206	424
			207	424
			208	423
			209	423
			210	422
			211	422
			211	421
			210	420
			210	419
			210	418
			209	417
			209	416
			209	415
			209	414
			208	413
			208	412
			208	411
			208	410
			208	409
			208	408
			208	407
			208	406
			208	405
			208	404
			208	403
			208	402
			209	401
			209	400
			209	399
			209	398
			210	397
			211	396
			211	395
			212	394
			213	393
			213	392
			214	391
			215	390
			216	390
			217	389
			218	388
			219	387
			220	387
			221	386
			222	386
			223	386
			223	385
			224	385
			225	385
			226	384
			227	384
			228	384
			228	383
			229	383
			230	383
			231	382
			232	382
			233	382
			234	382
			235	382
			236	381
			237	381
			238	381
			239	381
			240	381
			241	381
			242	381
			243	381
			244	381
			245	381
			246	381
			247	380
			248	380
			249	380
			250	380
			251	380
			252	380
			253	380
			254	380
			255	380
			256	380
			257	380
			258	380
			259	380
			260	380
			261	380
			262	380
			263	380
			264	380
			265	380
			266	380
			267	380
			268	380
			269	380
			270	380
			271	381
			272	381
			273	381
			274	381
			275	381
			276	381
			277	381
			278	381
			279	381
			280	381
			281	381
			282	381
			283	381
			284	381
			285	382
			286	382
			287	382
			288	382
			289	382
			290	382
			291	382
			292	382
			293	383
			294	383
			295	383
			296	383
			297	383
			298	383
			299	383
			300	384
			301	384
			302	384
			303	384
			304	384
			305	385
			306	385
			307	385
			308	385
			309	385
			310	386
			311	386
			312	386
			313	386
			314	386
			315	387
			316	387
			317	387
			318	387
			318	388
			319	388
			320	388
			321	388
			322	389
			323	389
			324	389
			325	389
			326	390
			327	390
			328	391
			329	391
			330	391
			331	392
			332	392
			333	392
			334	393
			335	393
			336	394
			337	394
			338	394
			339	395
			340	395
			341	396
			342	396
			343	396
			344	397
			345	397
			346	398
			347	398
			348	399
			349	399
			350	400
			351	400
			352	401
			353	401
			354	402
			355	402
			356	403
			357	403
			358	404
			359	404
			359	405
			360	405
		</dorsal_edge_of_narial_opening>
		<ventral_edge_of_narial_opening type=matrix rownames=FALSE colnames=FALSE nrow=305 ncol=2 as.numeric=TRUE >
			360	405
			360	406
			361	406
			361	407
			362	408
			363	409
			363	410
			364	411
			364	412
			365	413
			365	414
			365	415
			366	416
			366	417
			367	418
			367	419
			367	420
			368	421
			368	422
			368	423
			369	424
			369	425
			369	426
			369	427
			370	428
			370	429
			370	430
			370	431
			370	432
			371	433
			371	434
			371	435
			371	436
			371	437
			371	438
			371	439
			371	440
			372	441
			372	442
			372	443
			372	444
			372	445
			372	446
			372	447
			372	448
			372	449
			372	450
			372	451
			372	452
			372	453
			372	454
			372	455
			372	456
			372	457
			372	458
			372	459
			372	460
			372	461
			372	462
			372	463
			372	464
			371	465
			371	466
			371	467
			371	468
			371	469
			371	470
			371	471
			371	472
			371	473
			370	474
			370	475
			370	476
			370	477
			370	478
			370	479
			370	480
			369	481
			369	482
			369	483
			369	484
			369	485
			368	486
			368	487
			367	488
			366	489
			365	490
			365	491
			364	492
			363	493
			363	494
			363	495
			362	495
			362	496
			361	497
			361	498
			360	499
			359	500
			358	501
			357	502
			356	503
			356	504
			355	504
			355	505
			354	506
			353	507
			352	508
			351	509
			350	510
			350	511
			349	511
			348	512
			347	513
			347	514
			346	514
			345	515
			344	516
			343	516
			343	517
			342	518
			341	518
			340	519
			339	520
			338	520
			338	521
			337	522
			336	522
			335	523
			334	524
			333	524
			332	525
			331	525
			330	526
			329	527
			328	528
			327	528
			326	529
			325	529
			324	530
			323	531
			322	531
			321	532
			320	532
			319	532
			318	533
			317	533
			317	534
			316	534
			315	535
			314	535
			313	535
			312	536
			311	536
			310	537
			309	537
			308	537
			307	538
			306	538
			305	539
			304	539
			303	539
			302	540
			301	540
			300	540
			299	541
			298	541
			297	541
			296	542
			295	542
			294	542
			293	543
			292	543
			291	543
			290	543
			289	544
			288	544
			287	544
			286	545
			285	545
			284	545
			283	545
			282	546
			281	546
			280	546
			279	546
			278	546
			277	546
			276	546
			275	547
			274	547
			273	547
			272	547
			271	547
			270	547
			269	547
			268	547
			267	547
			266	547
			265	547
			264	547
			263	547
			262	547
			261	547
			260	547
			259	547
			258	547
			257	547
			256	547
			255	547
			254	546
			253	546
			252	546
			251	546
			250	546
			249	546
			248	546
			247	546
			246	546
			245	545
			244	545
			243	545
			242	545
			241	545
			240	544
			239	544
			238	544
			237	544
			236	544
			235	543
			234	543
			233	543
			232	542
			231	542
			230	542
			229	542
			228	541
			227	541
			226	541
			225	540
			224	540
			223	539
			222	539
			221	539
			220	538
			219	538
			218	538
			217	537
			216	537
			215	537
			214	537
			213	537
			212	536
			211	536
			210	536
			209	535
			208	535
			207	535
			206	534
			205	534
			204	534
			203	534
			203	533
			202	533
			201	533
			200	532
			199	532
			198	532
			197	531
			196	530
			195	530
			194	530
			193	529
			192	529
			191	528
			190	528
			189	527
			188	527
			187	526
			186	526
			185	525
			184	525
			183	524
			183	523
			182	523
			181	522
			180	522
			179	521
			178	521
			178	520
			177	519
			176	519
			175	518
			174	517
			173	516
			172	515
			171	515
			170	514
			169	513
			169	512
			168	511
			167	510
			166	509
			165	508
			164	508
			164	507
		</ventral_edge_of_narial_opening>
		<dorsal_edge_of_antorbital_fenestra type=matrix rownames=FALSE colnames=FALSE nrow=40 ncol=2 as.numeric=TRUE >
			434	463
			433	462
			433	461
			433	460
			432	459
			432	458
			432	457
			432	456
			432	455
			433	454
			433	453
			433	452
			434	451
			434	450
			435	449
			435	448
			436	447
			437	447
			437	446
			438	445
			439	444
			440	443
			441	442
			442	441
			443	440
			444	439
			445	438
			446	438
			447	437
			448	436
			449	436
			450	435
			451	435
			452	434
			453	434
			454	433
			455	433
			456	433
			457	432
			458	432
		</dorsal_edge_of_antorbital_fenestra>
		<ventral_edge_of_antorbital_fenestra type=matrix rownames=FALSE colnames=FALSE nrow=47 ncol=2 as.numeric=TRUE >
			458	432
			459	433
			460	434
			461	435
			461	436
			462	437
			462	438
			462	439
			462	440
			463	441
			462	442
			462	443
			462	444
			462	445
			462	446
			461	447
			461	448
			460	449
			460	450
			459	451
			458	452
			458	453
			457	454
			456	455
			455	456
			454	457
			453	458
			452	458
			451	459
			450	459
			449	459
			448	460
			447	460
			446	461
			445	461
			444	461
			443	461
			443	462
			442	462
			441	462
			440	462
			439	462
			438	463
			437	463
			436	463
			435	463
			434	463
		</ventral_edge_of_antorbital_fenestra>
	</curves.pixel>
	<curves.scaled type=list>
		<dorsal_edge_of_snout type=matrix rownames=FALSE colnames=FALSE nrow=635 ncol=2 as.numeric=TRUE >
			18.8607594936709	-54.3037974683544
			18.9873417721519	-54.3037974683544
			18.9873417721519	-54.1772151898734
			19.1139240506329	-54.1772151898734
			19.2405063291139	-54.0506329113924
			19.3670886075949	-54.0506329113924
			19.493670886076	-53.9240506329114
			19.620253164557	-53.7974683544304
			19.746835443038	-53.7974683544304
			19.873417721519	-53.6708860759494
			20	-53.6708860759494
			20.126582278481	-53.5443037974684
			20.253164556962	-53.4177215189873
			20.379746835443	-53.4177215189873
			20.5063291139241	-53.2911392405063
			20.6329113924051	-53.2911392405063
			20.6329113924051	-53.1645569620253
			20.7594936708861	-53.1645569620253
			20.8860759493671	-53.0379746835443
			21.0126582278481	-53.0379746835443
			21.0126582278481	-52.9113924050633
			21.1392405063291	-52.9113924050633
			21.2658227848101	-52.7848101265823
			21.3924050632911	-52.6582278481013
			21.5189873417722	-52.5316455696203
			21.6455696202532	-52.4050632911392
			21.7721518987342	-52.4050632911392
			21.8987341772152	-52.2784810126582
			22.0253164556962	-52.1518987341772
			22.1518987341772	-52.0253164556962
			22.1518987341772	-51.8987341772152
			22.2784810126582	-51.7721518987342
			22.4050632911392	-51.6455696202532
			22.4050632911392	-51.5189873417722
			22.5316455696203	-51.3924050632911
			22.5316455696203	-51.2658227848101
			22.4050632911392	-51.1392405063291
			22.2784810126582	-51.1392405063291
			22.1518987341772	-51.0126582278481
			22.0253164556962	-51.0126582278481
			21.8987341772152	-50.8860759493671
			21.7721518987342	-50.7594936708861
			21.6455696202532	-50.7594936708861
			21.5189873417722	-50.6329113924051
			21.3924050632911	-50.5063291139241
			21.2658227848101	-50.5063291139241
			21.1392405063291	-50.379746835443
			21.0126582278481	-50.379746835443
			20.8860759493671	-50.253164556962
			20.7594936708861	-50.126582278481
			20.6329113924051	-50.126582278481
			20.5063291139241	-50
			20.379746835443	-49.873417721519
			20.253164556962	-49.873417721519
			20.126582278481	-49.746835443038
			20	-49.620253164557
			19.873417721519	-49.620253164557
			19.746835443038	-49.493670886076
			19.620253164557	-49.493670886076
			19.493670886076	-49.3670886075949
			19.3670886075949	-49.2405063291139
			19.2405063291139	-49.1139240506329
			19.1139240506329	-49.1139240506329
			18.9873417721519	-48.9873417721519
			18.8607594936709	-48.9873417721519
			18.7341772151899	-48.8607594936709
			18.6075949367089	-48.7341772151899
			18.4810126582279	-48.7341772151899
			18.3544303797468	-48.6075949367089
			18.2278481012658	-48.4810126582279
			18.1012658227848	-48.4810126582279
			17.9746835443038	-48.3544303797468
			17.8481012658228	-48.2278481012658
			17.7215189873418	-48.2278481012658
			17.5949367088608	-48.1012658227848
			17.4683544303797	-47.9746835443038
			17.3417721518987	-47.8481012658228
			17.2151898734177	-47.8481012658228
			17.0886075949367	-47.7215189873418
			16.9620253164557	-47.7215189873418
			16.9620253164557	-47.5949367088608
			16.8354430379747	-47.5949367088608
			16.7088607594937	-47.4683544303797
			16.5822784810127	-47.3417721518987
			16.4556962025316	-47.2151898734177
			16.3291139240506	-47.0886075949367
			16.2025316455696	-47.0886075949367
			16.0759493670886	-46.9620253164557
			15.9493670886076	-46.8354430379747
			15.8227848101266	-46.8354430379747
			15.6962025316456	-46.7088607594937
			15.5696202531646	-46.5822784810127
			15.4430379746835	-46.4556962025316
			15.3164556962025	-46.3291139240506
			15.1898734177215	-46.3291139240506
			15.0632911392405	-46.2025316455696
			14.9367088607595	-46.0759493670886
			14.8101265822785	-45.9493670886076
			14.6835443037975	-45.9493670886076
			14.5569620253165	-45.8227848101266
			14.4303797468354	-45.6962025316456
			14.3037974683544	-45.5696202531646
			14.1772151898734	-45.5696202531646
			14.0506329113924	-45.4430379746835
			13.9240506329114	-45.3164556962025
			13.7974683544304	-45.1898734177215
			13.6708860759494	-45.1898734177215
			13.5443037974684	-45.0632911392405
			13.4177215189873	-44.9367088607595
			13.2911392405063	-44.8101265822785
			13.1645569620253	-44.8101265822785
			13.0379746835443	-44.6835443037975
			12.9113924050633	-44.5569620253165
			12.7848101265823	-44.4303797468354
			12.6582278481013	-44.4303797468354
			12.5316455696203	-44.3037974683544
			12.5316455696203	-44.1772151898734
			12.4050632911392	-44.0506329113924
			12.2784810126582	-44.0506329113924
			12.1518987341772	-43.9240506329114
			12.0253164556962	-43.7974683544304
			11.8987341772152	-43.6708860759494
			11.7721518987342	-43.5443037974684
			11.6455696202532	-43.5443037974684
			11.5189873417722	-43.4177215189873
			11.3924050632911	-43.2911392405063
			11.2658227848101	-43.1645569620253
			11.1392405063291	-43.0379746835443
			11.0126582278481	-43.0379746835443
			10.8860759493671	-42.9113924050633
			10.7594936708861	-42.7848101265823
			10.6329113924051	-42.6582278481013
			10.5063291139241	-42.5316455696203
			10.379746835443	-42.4050632911392
			10.253164556962	-42.2784810126582
			10.126582278481	-42.1518987341772
			10	-42.0253164556962
			9.87341772151899	-41.8987341772152
			9.74683544303798	-41.7721518987342
			9.62025316455696	-41.6455696202532
			9.49367088607595	-41.5189873417722
			9.36708860759494	-41.3924050632911
			9.24050632911393	-41.2658227848101
			9.11392405063291	-41.1392405063291
			9.11392405063291	-41.0126582278481
			8.9873417721519	-40.8860759493671
			8.9873417721519	-40.7594936708861
			8.86075949367089	-40.6329113924051
			8.73417721518987	-40.5063291139241
			8.73417721518987	-40.379746835443
			8.60759493670886	-40.253164556962
			8.48101265822785	-40.126582278481
			8.48101265822785	-40
			8.48101265822785	-39.873417721519
			8.35443037974684	-39.746835443038
			8.35443037974684	-39.620253164557
			8.22784810126582	-39.493670886076
			8.22784810126582	-39.3670886075949
			8.22784810126582	-39.2405063291139
			8.10126582278481	-39.1139240506329
			8.10126582278481	-38.9873417721519
			7.9746835443038	-38.8607594936709
			7.9746835443038	-38.7341772151899
			7.84810126582279	-38.6075949367089
			7.84810126582279	-38.4810126582279
			7.72151898734177	-38.3544303797468
			7.72151898734177	-38.2278481012658
			7.59493670886076	-38.1012658227848
			7.59493670886076	-37.9746835443038
			7.59493670886076	-37.8481012658228
			7.59493670886076	-37.7215189873418
			7.59493670886076	-37.5949367088608
			7.59493670886076	-37.4683544303797
			7.72151898734177	-37.3417721518987
			7.84810126582279	-37.2151898734177
			7.9746835443038	-37.2151898734177
			8.10126582278481	-37.2151898734177
			8.22784810126582	-37.2151898734177
			8.35443037974684	-37.2151898734177
			8.48101265822785	-37.2151898734177
			8.60759493670886	-37.2151898734177
			8.73417721518987	-37.2151898734177
			8.86075949367089	-37.2151898734177
			8.9873417721519	-37.2151898734177
			9.11392405063291	-37.2151898734177
			9.24050632911393	-37.3417721518987
			9.36708860759494	-37.3417721518987
			9.49367088607595	-37.4683544303797
			9.62025316455696	-37.4683544303797
			9.62025316455696	-37.5949367088608
			9.74683544303798	-37.5949367088608
			9.87341772151899	-37.5949367088608
			10	-37.7215189873418
			10.126582278481	-37.7215189873418
			10.253164556962	-37.8481012658228
			10.379746835443	-37.8481012658228
			10.5063291139241	-37.9746835443038
			10.6329113924051	-37.9746835443038
			10.7594936708861	-37.9746835443038
			10.8860759493671	-38.1012658227848
			11.0126582278481	-38.1012658227848
			11.1392405063291	-38.2278481012658
			11.2658227848101	-38.2278481012658
			11.3924050632911	-38.2278481012658
			11.5189873417722	-38.3544303797468
			11.6455696202532	-38.3544303797468
			11.7721518987342	-38.3544303797468
			11.7721518987342	-38.4810126582279
			11.8987341772152	-38.4810126582279
			12.0253164556962	-38.6075949367089
			12.1518987341772	-38.6075949367089
			12.2784810126582	-38.6075949367089
			12.4050632911392	-38.7341772151899
			12.5316455696203	-38.7341772151899
			12.6582278481013	-38.7341772151899
			12.7848101265823	-38.8607594936709
			12.9113924050633	-38.8607594936709
			13.0379746835443	-38.8607594936709
			13.1645569620253	-38.9873417721519
			13.2911392405063	-38.9873417721519
			13.4177215189873	-38.9873417721519
			13.5443037974684	-39.1139240506329
			13.6708860759494	-39.1139240506329
			13.7974683544304	-39.1139240506329
			13.9240506329114	-39.2405063291139
			14.0506329113924	-39.2405063291139
			14.1772151898734	-39.2405063291139
			14.3037974683544	-39.3670886075949
			14.4303797468354	-39.3670886075949
			14.5569620253165	-39.3670886075949
			14.6835443037975	-39.493670886076
			14.8101265822785	-39.493670886076
			14.9367088607595	-39.493670886076
			15.0632911392405	-39.493670886076
			15.1898734177215	-39.620253164557
			15.3164556962025	-39.620253164557
			15.4430379746835	-39.620253164557
			15.5696202531646	-39.620253164557
			15.6962025316456	-39.746835443038
			15.8227848101266	-39.746835443038
			15.9493670886076	-39.746835443038
			16.0759493670886	-39.873417721519
			16.2025316455696	-39.873417721519
			16.3291139240506	-39.873417721519
			16.4556962025316	-39.873417721519
			16.5822784810127	-40
			16.7088607594937	-40
			16.8354430379747	-40
			16.9620253164557	-40
			17.0886075949367	-40
			17.2151898734177	-40.126582278481
			17.3417721518987	-40.126582278481
			17.4683544303797	-40.126582278481
			17.5949367088608	-40.126582278481
			17.7215189873418	-40.253164556962
			17.8481012658228	-40.253164556962
			17.9746835443038	-40.253164556962
			18.1012658227848	-40.253164556962
			18.2278481012658	-40.253164556962
			18.3544303797468	-40.379746835443
			18.4810126582279	-40.379746835443
			18.6075949367089	-40.379746835443
			18.7341772151899	-40.379746835443
			18.8607594936709	-40.379746835443
			18.9873417721519	-40.5063291139241
			19.1139240506329	-40.5063291139241
			19.2405063291139	-40.5063291139241
			19.3670886075949	-40.5063291139241
			19.493670886076	-40.5063291139241
			19.620253164557	-40.5063291139241
			19.746835443038	-40.5063291139241
			19.873417721519	-40.5063291139241
			20	-40.5063291139241
			20.126582278481	-40.5063291139241
			20.253164556962	-40.6329113924051
			20.379746835443	-40.6329113924051
			20.5063291139241	-40.6329113924051
			20.6329113924051	-40.6329113924051
			20.7594936708861	-40.6329113924051
			20.8860759493671	-40.6329113924051
			21.0126582278481	-40.6329113924051
			21.1392405063291	-40.6329113924051
			21.2658227848101	-40.6329113924051
			21.3924050632911	-40.6329113924051
			21.5189873417722	-40.6329113924051
			21.6455696202532	-40.7594936708861
			21.7721518987342	-40.7594936708861
			21.8987341772152	-40.7594936708861
			22.0253164556962	-40.7594936708861
			22.1518987341772	-40.7594936708861
			22.2784810126582	-40.7594936708861
			22.4050632911392	-40.7594936708861
			22.5316455696203	-40.7594936708861
			22.6582278481013	-40.7594936708861
			22.7848101265823	-40.8860759493671
			22.9113924050633	-40.8860759493671
			23.0379746835443	-40.8860759493671
			23.1645569620253	-40.8860759493671
			23.2911392405063	-40.8860759493671
			23.4177215189873	-40.8860759493671
			23.5443037974684	-40.8860759493671
			23.6708860759494	-40.8860759493671
			23.7974683544304	-41.0126582278481
			23.9240506329114	-41.0126582278481
			24.0506329113924	-41.0126582278481
			24.1772151898734	-41.0126582278481
			24.3037974683544	-41.0126582278481
			24.4303797468354	-41.0126582278481
			24.5569620253165	-41.0126582278481
			24.6835443037975	-41.1392405063291
			24.8101265822785	-41.1392405063291
			24.9367088607595	-41.1392405063291
			25.0632911392405	-41.1392405063291
			25.1898734177215	-41.1392405063291
			25.3164556962025	-41.1392405063291
			25.4430379746835	-41.1392405063291
			25.5696202531646	-41.2658227848101
			25.6962025316456	-41.2658227848101
			25.8227848101266	-41.2658227848101
			25.9493670886076	-41.2658227848101
			26.0759493670886	-41.2658227848101
			26.2025316455696	-41.3924050632911
			26.3291139240506	-41.3924050632911
			26.4556962025316	-41.3924050632911
			26.5822784810127	-41.3924050632911
			26.7088607594937	-41.3924050632911
			26.8354430379747	-41.3924050632911
			26.9620253164557	-41.5189873417722
			27.0886075949367	-41.5189873417722
			27.2151898734177	-41.5189873417722
			27.3417721518987	-41.5189873417722
			27.4683544303797	-41.5189873417722
			27.5949367088608	-41.6455696202532
			27.7215189873418	-41.6455696202532
			27.8481012658228	-41.6455696202532
			27.9746835443038	-41.6455696202532
			28.1012658227848	-41.6455696202532
			28.2278481012658	-41.7721518987342
			28.3544303797468	-41.7721518987342
			28.4810126582279	-41.7721518987342
			28.6075949367089	-41.7721518987342
			28.7341772151899	-41.7721518987342
			28.8607594936709	-41.8987341772152
			28.9873417721519	-41.8987341772152
			29.1139240506329	-41.8987341772152
			29.2405063291139	-41.8987341772152
			29.3670886075949	-42.0253164556962
			29.493670886076	-42.0253164556962
			29.620253164557	-42.0253164556962
			29.746835443038	-42.0253164556962
			29.873417721519	-42.0253164556962
			30	-42.1518987341772
			30.126582278481	-42.1518987341772
			30.253164556962	-42.1518987341772
			30.379746835443	-42.1518987341772
			30.5063291139241	-42.2784810126582
			30.6329113924051	-42.2784810126582
			30.7594936708861	-42.2784810126582
			30.8860759493671	-42.2784810126582
			31.0126582278481	-42.4050632911392
			31.1392405063291	-42.4050632911392
			31.2658227848101	-42.4050632911392
			31.3924050632911	-42.4050632911392
			31.5189873417722	-42.5316455696203
			31.6455696202532	-42.5316455696203
			31.7721518987342	-42.5316455696203
			31.8987341772152	-42.5316455696203
			32.0253164556962	-42.6582278481013
			32.1518987341772	-42.6582278481013
			32.2784810126582	-42.6582278481013
			32.4050632911392	-42.6582278481013
			32.5316455696203	-42.7848101265823
			32.6582278481013	-42.7848101265823
			32.7848101265823	-42.7848101265823
			32.9113924050633	-42.7848101265823
			33.0379746835443	-42.7848101265823
			33.1645569620253	-42.9113924050633
			33.2911392405063	-42.9113924050633
			33.4177215189873	-42.9113924050633
			33.5443037974684	-42.9113924050633
			33.6708860759494	-42.9113924050633
			33.7974683544304	-43.0379746835443
			33.9240506329114	-43.0379746835443
			34.0506329113924	-43.0379746835443
			34.1772151898734	-43.0379746835443
			34.3037974683544	-43.0379746835443
			34.4303797468354	-43.0379746835443
			34.5569620253165	-43.1645569620253
			34.6835443037975	-43.1645569620253
			34.8101265822785	-43.1645569620253
			34.9367088607595	-43.1645569620253
			35.0632911392405	-43.1645569620253
			35.1898734177215	-43.1645569620253
			35.3164556962025	-43.2911392405063
			35.4430379746835	-43.2911392405063
			35.5696202531646	-43.2911392405063
			35.6962025316456	-43.2911392405063
			35.8227848101266	-43.2911392405063
			35.9493670886076	-43.2911392405063
			36.0759493670886	-43.2911392405063
			36.2025316455696	-43.2911392405063
			36.3291139240506	-43.4177215189873
			36.4556962025316	-43.4177215189873
			36.5822784810127	-43.4177215189873
			36.7088607594937	-43.4177215189873
			36.8354430379747	-43.4177215189873
			36.9620253164557	-43.4177215189873
			37.0886075949367	-43.4177215189873
			37.2151898734177	-43.4177215189873
			37.3417721518987	-43.4177215189873
			37.4683544303797	-43.4177215189873
			37.4683544303797	-43.5443037974684
			37.5949367088608	-43.5443037974684
			37.7215189873418	-43.5443037974684
			37.8481012658228	-43.5443037974684
			37.9746835443038	-43.5443037974684
			38.1012658227848	-43.5443037974684
			38.2278481012658	-43.5443037974684
			38.3544303797468	-43.5443037974684
			38.4810126582279	-43.5443037974684
			38.6075949367089	-43.5443037974684
			38.7341772151899	-43.5443037974684
			38.8607594936709	-43.5443037974684
			38.9873417721519	-43.5443037974684
			39.1139240506329	-43.5443037974684
			39.2405063291139	-43.5443037974684
			39.3670886075949	-43.5443037974684
			39.493670886076	-43.5443037974684
			39.620253164557	-43.5443037974684
			39.746835443038	-43.5443037974684
			39.873417721519	-43.5443037974684
			40	-43.5443037974684
			40.126582278481	-43.5443037974684
			40.253164556962	-43.5443037974684
			40.379746835443	-43.5443037974684
			40.5063291139241	-43.5443037974684
			40.6329113924051	-43.5443037974684
			40.7594936708861	-43.5443037974684
			40.8860759493671	-43.5443037974684
			41.0126582278481	-43.5443037974684
			41.1392405063291	-43.5443037974684
			41.2658227848101	-43.5443037974684
			41.3924050632911	-43.5443037974684
			41.5189873417722	-43.5443037974684
			41.6455696202532	-43.5443037974684
			41.7721518987342	-43.5443037974684
			41.8987341772152	-43.5443037974684
			42.0253164556962	-43.5443037974684
			42.1518987341772	-43.5443037974684
			42.2784810126582	-43.5443037974684
			42.4050632911392	-43.5443037974684
			42.5316455696203	-43.5443037974684
			42.6582278481013	-43.5443037974684
			42.7848101265823	-43.5443037974684
			42.9113924050633	-43.5443037974684
			43.0379746835443	-43.5443037974684
			43.1645569620253	-43.5443037974684
			43.2911392405063	-43.5443037974684
			43.4177215189873	-43.5443037974684
			43.5443037974684	-43.5443037974684
			43.6708860759494	-43.4177215189873
			43.7974683544304	-43.4177215189873
			43.9240506329114	-43.4177215189873
			44.0506329113924	-43.4177215189873
			44.1772151898734	-43.4177215189873
			44.3037974683544	-43.4177215189873
			44.4303797468354	-43.4177215189873
			44.5569620253165	-43.4177215189873
			44.6835443037975	-43.4177215189873
			44.8101265822785	-43.4177215189873
			44.9367088607595	-43.4177215189873
			45.0632911392405	-43.4177215189873
			45.1898734177215	-43.4177215189873
			45.3164556962025	-43.2911392405063
			45.4430379746835	-43.2911392405063
			45.5696202531646	-43.2911392405063
			45.6962025316456	-43.2911392405063
			45.8227848101266	-43.2911392405063
			45.9493670886076	-43.2911392405063
			46.0759493670886	-43.2911392405063
			46.2025316455696	-43.2911392405063
			46.3291139240506	-43.2911392405063
			46.4556962025316	-43.1645569620253
			46.5822784810127	-43.1645569620253
			46.7088607594937	-43.1645569620253
			46.8354430379747	-43.1645569620253
			46.9620253164557	-43.1645569620253
			47.0886075949367	-43.1645569620253
			47.2151898734177	-43.1645569620253
			47.3417721518987	-43.1645569620253
			47.4683544303797	-43.0379746835443
			47.5949367088608	-43.0379746835443
			47.7215189873418	-43.0379746835443
			47.8481012658228	-43.0379746835443
			47.9746835443038	-43.0379746835443
			48.1012658227848	-43.0379746835443
			48.2278481012658	-42.9113924050633
			48.3544303797468	-42.9113924050633
			48.4810126582279	-42.9113924050633
			48.6075949367089	-42.9113924050633
			48.7341772151899	-42.9113924050633
			48.8607594936709	-42.9113924050633
			48.9873417721519	-42.7848101265823
			49.1139240506329	-42.7848101265823
			49.2405063291139	-42.7848101265823
			49.3670886075949	-42.7848101265823
			49.493670886076	-42.7848101265823
			49.620253164557	-42.6582278481013
			49.746835443038	-42.6582278481013
			49.873417721519	-42.6582278481013
			50	-42.6582278481013
			50.126582278481	-42.6582278481013
			50.253164556962	-42.5316455696203
			50.379746835443	-42.5316455696203
			50.5063291139241	-42.5316455696203
			50.6329113924051	-42.5316455696203
			50.7594936708861	-42.5316455696203
			50.7594936708861	-42.4050632911392
			50.8860759493671	-42.4050632911392
			51.0126582278481	-42.4050632911392
			51.1392405063291	-42.4050632911392
			51.2658227848101	-42.2784810126582
			51.3924050632911	-42.2784810126582
			51.5189873417722	-42.2784810126582
			51.6455696202532	-42.2784810126582
			51.7721518987342	-42.2784810126582
			51.8987341772152	-42.1518987341772
			52.0253164556962	-42.1518987341772
			52.1518987341772	-42.1518987341772
			52.2784810126582	-42.0253164556962
			52.4050632911392	-42.0253164556962
			52.5316455696203	-42.0253164556962
			52.6582278481013	-41.8987341772152
			52.7848101265823	-41.8987341772152
			52.9113924050633	-41.8987341772152
			53.0379746835443	-41.8987341772152
			53.1645569620253	-41.8987341772152
			53.2911392405063	-41.7721518987342
			53.4177215189873	-41.7721518987342
			53.5443037974684	-41.7721518987342
			53.6708860759494	-41.7721518987342
			53.7974683544304	-41.7721518987342
			53.9240506329114	-41.6455696202532
			54.0506329113924	-41.6455696202532
			54.1772151898734	-41.6455696202532
			54.3037974683544	-41.6455696202532
			54.4303797468354	-41.6455696202532
			54.5569620253165	-41.5189873417722
			54.6835443037975	-41.5189873417722
			54.8101265822785	-41.5189873417722
			54.9367088607595	-41.5189873417722
			55.0632911392405	-41.3924050632911
			55.1898734177215	-41.3924050632911
			55.3164556962025	-41.3924050632911
			55.4430379746835	-41.3924050632911
			55.5696202531646	-41.3924050632911
			55.6962025316456	-41.2658227848101
			55.8227848101266	-41.2658227848101
			55.9493670886076	-41.2658227848101
			56.0759493670886	-41.2658227848101
			56.2025316455696	-41.1392405063291
			56.3291139240506	-41.1392405063291
			56.4556962025316	-41.1392405063291
			56.5822784810127	-41.1392405063291
			56.7088607594937	-41.0126582278481
			56.8354430379747	-41.0126582278481
			56.9620253164557	-41.0126582278481
			57.0886075949367	-41.0126582278481
			57.2151898734177	-40.8860759493671
			57.3417721518987	-40.8860759493671
			57.4683544303797	-40.8860759493671
			57.5949367088608	-40.8860759493671
			57.7215189873418	-40.7594936708861
			57.8481012658228	-40.7594936708861
			57.9746835443038	-40.7594936708861
			58.1012658227848	-40.6329113924051
			58.2278481012658	-40.6329113924051
			58.3544303797468	-40.6329113924051
			58.4810126582279	-40.6329113924051
			58.6075949367089	-40.5063291139241
			58.7341772151899	-40.5063291139241
			58.8607594936709	-40.5063291139241
			58.9873417721519	-40.379746835443
			59.1139240506329	-40.379746835443
			59.2405063291139	-40.379746835443
			59.3670886075949	-40.253164556962
			59.493670886076	-40.253164556962
			59.620253164557	-40.253164556962
			59.746835443038	-40.126582278481
			59.873417721519	-40.126582278481
			60	-40.126582278481
			60.126582278481	-40
			60.253164556962	-40
			60.379746835443	-40
			60.5063291139241	-39.873417721519
			60.6329113924051	-39.873417721519
			60.7594936708861	-39.873417721519
			60.8860759493671	-39.746835443038
			61.0126582278481	-39.746835443038
			61.1392405063291	-39.746835443038
			61.2658227848101	-39.620253164557
			61.3924050632911	-39.620253164557
			61.5189873417722	-39.620253164557
			61.6455696202532	-39.493670886076
			61.7721518987342	-39.493670886076
			61.8987341772152	-39.3670886075949
			62.0253164556962	-39.3670886075949
			62.1518987341772	-39.3670886075949
			62.2784810126582	-39.2405063291139
			62.4050632911392	-39.2405063291139
			62.5316455696203	-39.2405063291139
			62.6582278481013	-39.1139240506329
			62.7848101265823	-38.9873417721519
			62.9113924050633	-38.9873417721519
			63.0379746835443	-38.8607594936709
			63.1645569620253	-38.8607594936709
			63.2911392405063	-38.8607594936709
			63.4177215189873	-38.7341772151899
			63.5443037974684	-38.7341772151899
			63.6708860759494	-38.6075949367089
			63.7974683544304	-38.6075949367089
			63.9240506329114	-38.6075949367089
			63.9240506329114	-38.4810126582279
			64.0506329113924	-38.4810126582279
			64.1772151898734	-38.4810126582279
			64.3037974683544	-38.3544303797468
			64.4303797468354	-38.3544303797468
			64.5569620253165	-38.2278481012658
			64.6835443037975	-38.1012658227848
			64.8101265822785	-38.1012658227848
			64.9367088607595	-38.1012658227848
			65.0632911392405	-37.9746835443038
			65.1898734177215	-37.9746835443038
			65.1898734177215	-37.8481012658228
			65.3164556962025	-37.8481012658228
		</dorsal_edge_of_snout>
		<ventral_edge_of_snout type=matrix rownames=FALSE colnames=FALSE nrow=109 ncol=2 as.numeric=TRUE >
			27.5949367088608	-72.5316455696203
			27.7215189873418	-72.5316455696203
			27.8481012658228	-72.6582278481013
			27.9746835443038	-72.6582278481013
			28.1012658227848	-72.6582278481013
			28.2278481012658	-72.7848101265823
			28.3544303797468	-72.7848101265823
			28.4810126582279	-72.7848101265823
			28.6075949367089	-72.9113924050633
			28.7341772151899	-72.9113924050633
			28.8607594936709	-72.9113924050633
			28.9873417721519	-73.0379746835443
			29.1139240506329	-73.0379746835443
			29.2405063291139	-73.0379746835443
			29.3670886075949	-73.0379746835443
			29.493670886076	-73.1645569620253
			29.620253164557	-73.1645569620253
			29.746835443038	-73.1645569620253
			29.873417721519	-73.1645569620253
			30	-73.1645569620253
			30.126582278481	-73.2911392405063
			30.253164556962	-73.2911392405063
			30.379746835443	-73.2911392405063
			30.5063291139241	-73.2911392405063
			30.6329113924051	-73.2911392405063
			30.7594936708861	-73.4177215189873
			30.8860759493671	-73.4177215189873
			31.0126582278481	-73.4177215189873
			31.1392405063291	-73.4177215189873
			31.2658227848101	-73.4177215189873
			31.3924050632911	-73.4177215189873
			31.5189873417722	-73.4177215189873
			31.6455696202532	-73.4177215189873
			31.7721518987342	-73.5443037974684
			31.8987341772152	-73.5443037974684
			32.0253164556962	-73.5443037974684
			32.1518987341772	-73.5443037974684
			32.2784810126582	-73.5443037974684
			32.4050632911392	-73.5443037974684
			32.5316455696203	-73.5443037974684
			32.6582278481013	-73.5443037974684
			32.7848101265823	-73.5443037974684
			32.9113924050633	-73.5443037974684
			33.0379746835443	-73.5443037974684
			33.1645569620253	-73.5443037974684
			33.2911392405063	-73.5443037974684
			33.4177215189873	-73.5443037974684
			33.5443037974684	-73.5443037974684
			33.6708860759494	-73.5443037974684
			33.7974683544304	-73.5443037974684
			33.9240506329114	-73.5443037974684
			34.0506329113924	-73.5443037974684
			34.1772151898734	-73.5443037974684
			34.3037974683544	-73.5443037974684
			34.4303797468354	-73.5443037974684
			34.5569620253165	-73.5443037974684
			34.6835443037975	-73.5443037974684
			34.8101265822785	-73.5443037974684
			34.9367088607595	-73.5443037974684
			35.0632911392405	-73.5443037974684
			35.1898734177215	-73.5443037974684
			35.3164556962025	-73.5443037974684
			35.4430379746835	-73.5443037974684
			35.5696202531646	-73.5443037974684
			35.6962025316456	-73.5443037974684
			35.8227848101266	-73.5443037974684
			35.9493670886076	-73.5443037974684
			36.0759493670886	-73.4177215189873
			36.2025316455696	-73.4177215189873
			36.3291139240506	-73.4177215189873
			36.4556962025316	-73.4177215189873
			36.5822784810127	-73.4177215189873
			36.7088607594937	-73.4177215189873
			36.8354430379747	-73.4177215189873
			36.9620253164557	-73.4177215189873
			37.0886075949367	-73.4177215189873
			37.2151898734177	-73.2911392405063
			37.3417721518987	-73.2911392405063
			37.4683544303797	-73.2911392405063
			37.5949367088608	-73.2911392405063
			37.7215189873418	-73.2911392405063
			37.8481012658228	-73.2911392405063
			37.9746835443038	-73.1645569620253
			38.1012658227848	-73.1645569620253
			38.2278481012658	-73.1645569620253
			38.3544303797468	-73.1645569620253
			38.4810126582279	-73.1645569620253
			38.6075949367089	-73.0379746835443
			38.7341772151899	-73.0379746835443
			38.8607594936709	-73.0379746835443
			38.9873417721519	-73.0379746835443
			39.1139240506329	-72.9113924050633
			39.2405063291139	-72.9113924050633
			39.3670886075949	-72.9113924050633
			39.493670886076	-72.7848101265823
			39.620253164557	-72.7848101265823
			39.746835443038	-72.7848101265823
			39.873417721519	-72.7848101265823
			40	-72.6582278481013
			40.126582278481	-72.6582278481013
			40.253164556962	-72.6582278481013
			40.379746835443	-72.5316455696203
			40.5063291139241	-72.5316455696203
			40.6329113924051	-72.4050632911392
			40.7594936708861	-72.4050632911392
			40.8860759493671	-72.2784810126582
			41.0126582278481	-72.2784810126582
			41.1392405063291	-72.1518987341772
			41.2658227848101	-72.1518987341772
		</ventral_edge_of_snout>
		<dorsal_edge_of_narial_opening type=matrix rownames=FALSE colnames=FALSE nrow=289 ncol=2 as.numeric=TRUE >
			20.7594936708861	-64.1772151898734
			20.6329113924051	-64.0506329113924
			20.6329113924051	-63.9240506329114
			20.5063291139241	-63.7974683544304
			20.5063291139241	-63.6708860759494
			20.379746835443	-63.5443037974684
			20.379746835443	-63.4177215189873
			20.253164556962	-63.2911392405063
			20.253164556962	-63.1645569620253
			20.126582278481	-63.0379746835443
			20.126582278481	-62.9113924050633
			20.126582278481	-62.7848101265823
			20	-62.6582278481013
			20	-62.5316455696203
			19.873417721519	-62.4050632911392
			19.873417721519	-62.2784810126582
			19.873417721519	-62.1518987341772
			19.873417721519	-62.0253164556962
			19.746835443038	-61.8987341772152
			19.746835443038	-61.7721518987342
			19.746835443038	-61.6455696202532
			19.746835443038	-61.5189873417722
			19.620253164557	-61.3924050632911
			19.620253164557	-61.2658227848101
			19.620253164557	-61.1392405063291
			19.620253164557	-61.0126582278481
			19.620253164557	-60.8860759493671
			19.620253164557	-60.7594936708861
			19.620253164557	-60.6329113924051
			19.620253164557	-60.5063291139241
			19.620253164557	-60.379746835443
			19.620253164557	-60.253164556962
			19.620253164557	-60.126582278481
			19.620253164557	-60
			19.620253164557	-59.873417721519
			19.620253164557	-59.746835443038
			19.620253164557	-59.620253164557
			19.620253164557	-59.493670886076
			19.746835443038	-59.3670886075949
			19.746835443038	-59.2405063291139
			19.746835443038	-59.1139240506329
			19.873417721519	-58.9873417721519
			19.873417721519	-58.8607594936709
			19.873417721519	-58.7341772151899
			20	-58.6075949367089
			20	-58.4810126582279
			20	-58.3544303797468
			20.126582278481	-58.2278481012658
			20.126582278481	-58.1012658227848
			20.253164556962	-57.9746835443038
			20.253164556962	-57.8481012658228
			20.379746835443	-57.8481012658228
			20.379746835443	-57.7215189873418
			20.5063291139241	-57.5949367088608
			20.6329113924051	-57.4683544303797
			20.6329113924051	-57.3417721518987
			20.7594936708861	-57.2151898734177
			20.8860759493671	-57.0886075949367
			20.8860759493671	-56.9620253164557
			21.0126582278481	-56.9620253164557
			21.1392405063291	-56.8354430379747
			21.2658227848101	-56.7088607594937
			21.2658227848101	-56.5822784810127
			21.3924050632911	-56.4556962025316
			21.5189873417722	-56.3291139240506
			21.6455696202532	-56.2025316455696
			21.7721518987342	-56.2025316455696
			21.8987341772152	-56.0759493670886
			22.0253164556962	-55.9493670886076
			22.1518987341772	-55.8227848101266
			22.2784810126582	-55.6962025316456
			22.4050632911392	-55.6962025316456
			22.5316455696203	-55.5696202531646
			22.6582278481013	-55.4430379746835
			22.7848101265823	-55.3164556962025
			22.9113924050633	-55.3164556962025
			23.0379746835443	-55.1898734177215
			23.1645569620253	-55.1898734177215
			23.2911392405063	-55.0632911392405
			23.4177215189873	-54.9367088607595
			23.5443037974684	-54.8101265822785
			23.6708860759494	-54.8101265822785
			23.7974683544304	-54.6835443037975
			23.9240506329114	-54.6835443037975
			24.0506329113924	-54.5569620253165
			24.1772151898734	-54.5569620253165
			24.3037974683544	-54.4303797468354
			24.4303797468354	-54.4303797468354
			24.5569620253165	-54.3037974683544
			24.6835443037975	-54.3037974683544
			24.8101265822785	-54.1772151898734
			24.9367088607595	-54.1772151898734
			25.0632911392405	-54.0506329113924
			25.1898734177215	-54.0506329113924
			25.3164556962025	-54.0506329113924
			25.3164556962025	-53.9240506329114
			25.4430379746835	-53.9240506329114
			25.5696202531646	-53.9240506329114
			25.5696202531646	-53.7974683544304
			25.6962025316456	-53.7974683544304
			25.8227848101266	-53.7974683544304
			25.9493670886076	-53.6708860759494
			26.0759493670886	-53.6708860759494
			26.2025316455696	-53.6708860759494
			26.3291139240506	-53.5443037974684
			26.4556962025316	-53.5443037974684
			26.5822784810127	-53.4177215189873
			26.7088607594937	-53.4177215189873
			26.7088607594937	-53.2911392405063
			26.5822784810127	-53.1645569620253
			26.5822784810127	-53.0379746835443
			26.5822784810127	-52.9113924050633
			26.4556962025316	-52.7848101265823
			26.4556962025316	-52.6582278481013
			26.4556962025316	-52.5316455696203
			26.4556962025316	-52.4050632911392
			26.3291139240506	-52.2784810126582
			26.3291139240506	-52.1518987341772
			26.3291139240506	-52.0253164556962
			26.3291139240506	-51.8987341772152
			26.3291139240506	-51.7721518987342
			26.3291139240506	-51.6455696202532
			26.3291139240506	-51.5189873417722
			26.3291139240506	-51.3924050632911
			26.3291139240506	-51.2658227848101
			26.3291139240506	-51.1392405063291
			26.3291139240506	-51.0126582278481
			26.3291139240506	-50.8860759493671
			26.4556962025316	-50.7594936708861
			26.4556962025316	-50.6329113924051
			26.4556962025316	-50.5063291139241
			26.4556962025316	-50.379746835443
			26.5822784810127	-50.253164556962
			26.7088607594937	-50.126582278481
			26.7088607594937	-50
			26.8354430379747	-49.873417721519
			26.9620253164557	-49.746835443038
			26.9620253164557	-49.620253164557
			27.0886075949367	-49.493670886076
			27.2151898734177	-49.3670886075949
			27.3417721518987	-49.3670886075949
			27.4683544303797	-49.2405063291139
			27.5949367088608	-49.1139240506329
			27.7215189873418	-48.9873417721519
			27.8481012658228	-48.9873417721519
			27.9746835443038	-48.8607594936709
			28.1012658227848	-48.8607594936709
			28.2278481012658	-48.8607594936709
			28.2278481012658	-48.7341772151899
			28.3544303797468	-48.7341772151899
			28.4810126582279	-48.7341772151899
			28.6075949367089	-48.6075949367089
			28.7341772151899	-48.6075949367089
			28.8607594936709	-48.6075949367089
			28.8607594936709	-48.4810126582279
			28.9873417721519	-48.4810126582279
			29.1139240506329	-48.4810126582279
			29.2405063291139	-48.3544303797468
			29.3670886075949	-48.3544303797468
			29.493670886076	-48.3544303797468
			29.620253164557	-48.3544303797468
			29.746835443038	-48.3544303797468
			29.873417721519	-48.2278481012658
			30	-48.2278481012658
			30.126582278481	-48.2278481012658
			30.253164556962	-48.2278481012658
			30.379746835443	-48.2278481012658
			30.5063291139241	-48.2278481012658
			30.6329113924051	-48.2278481012658
			30.7594936708861	-48.2278481012658
			30.8860759493671	-48.2278481012658
			31.0126582278481	-48.2278481012658
			31.1392405063291	-48.2278481012658
			31.2658227848101	-48.1012658227848
			31.3924050632911	-48.1012658227848
			31.5189873417722	-48.1012658227848
			31.6455696202532	-48.1012658227848
			31.7721518987342	-48.1012658227848
			31.8987341772152	-48.1012658227848
			32.0253164556962	-48.1012658227848
			32.1518987341772	-48.1012658227848
			32.2784810126582	-48.1012658227848
			32.4050632911392	-48.1012658227848
			32.5316455696203	-48.1012658227848
			32.6582278481013	-48.1012658227848
			32.7848101265823	-48.1012658227848
			32.9113924050633	-48.1012658227848
			33.0379746835443	-48.1012658227848
			33.1645569620253	-48.1012658227848
			33.2911392405063	-48.1012658227848
			33.4177215189873	-48.1012658227848
			33.5443037974684	-48.1012658227848
			33.6708860759494	-48.1012658227848
			33.7974683544304	-48.1012658227848
			33.9240506329114	-48.1012658227848
			34.0506329113924	-48.1012658227848
			34.1772151898734	-48.1012658227848
			34.3037974683544	-48.2278481012658
			34.4303797468354	-48.2278481012658
			34.5569620253165	-48.2278481012658
			34.6835443037975	-48.2278481012658
			34.8101265822785	-48.2278481012658
			34.9367088607595	-48.2278481012658
			35.0632911392405	-48.2278481012658
			35.1898734177215	-48.2278481012658
			35.3164556962025	-48.2278481012658
			35.4430379746835	-48.2278481012658
			35.5696202531646	-48.2278481012658
			35.6962025316456	-48.2278481012658
			35.8227848101266	-48.2278481012658
			35.9493670886076	-48.2278481012658
			36.0759493670886	-48.3544303797468
			36.2025316455696	-48.3544303797468
			36.3291139240506	-48.3544303797468
			36.4556962025316	-48.3544303797468
			36.5822784810127	-48.3544303797468
			36.7088607594937	-48.3544303797468
			36.8354430379747	-48.3544303797468
			36.9620253164557	-48.3544303797468
			37.0886075949367	-48.4810126582279
			37.2151898734177	-48.4810126582279
			37.3417721518987	-48.4810126582279
			37.4683544303797	-48.4810126582279
			37.5949367088608	-48.4810126582279
			37.7215189873418	-48.4810126582279
			37.8481012658228	-48.4810126582279
			37.9746835443038	-48.6075949367089
			38.1012658227848	-48.6075949367089
			38.2278481012658	-48.6075949367089
			38.3544303797468	-48.6075949367089
			38.4810126582279	-48.6075949367089
			38.6075949367089	-48.7341772151899
			38.7341772151899	-48.7341772151899
			38.8607594936709	-48.7341772151899
			38.9873417721519	-48.7341772151899
			39.1139240506329	-48.7341772151899
			39.2405063291139	-48.8607594936709
			39.3670886075949	-48.8607594936709
			39.493670886076	-48.8607594936709
			39.620253164557	-48.8607594936709
			39.746835443038	-48.8607594936709
			39.873417721519	-48.9873417721519
			40	-48.9873417721519
			40.126582278481	-48.9873417721519
			40.253164556962	-48.9873417721519
			40.253164556962	-49.1139240506329
			40.379746835443	-49.1139240506329
			40.5063291139241	-49.1139240506329
			40.6329113924051	-49.1139240506329
			40.7594936708861	-49.2405063291139
			40.8860759493671	-49.2405063291139
			41.0126582278481	-49.2405063291139
			41.1392405063291	-49.2405063291139
			41.2658227848101	-49.3670886075949
			41.3924050632911	-49.3670886075949
			41.5189873417722	-49.493670886076
			41.6455696202532	-49.493670886076
			41.7721518987342	-49.493670886076
			41.8987341772152	-49.620253164557
			42.0253164556962	-49.620253164557
			42.1518987341772	-49.620253164557
			42.2784810126582	-49.746835443038
			42.4050632911392	-49.746835443038
			42.5316455696203	-49.873417721519
			42.6582278481013	-49.873417721519
			42.7848101265823	-49.873417721519
			42.9113924050633	-50
			43.0379746835443	-50
			43.1645569620253	-50.126582278481
			43.2911392405063	-50.126582278481
			43.4177215189873	-50.126582278481
			43.5443037974684	-50.253164556962
			43.6708860759494	-50.253164556962
			43.7974683544304	-50.379746835443
			43.9240506329114	-50.379746835443
			44.0506329113924	-50.5063291139241
			44.1772151898734	-50.5063291139241
			44.3037974683544	-50.6329113924051
			44.4303797468354	-50.6329113924051
			44.5569620253165	-50.7594936708861
			44.6835443037975	-50.7594936708861
			44.8101265822785	-50.8860759493671
			44.9367088607595	-50.8860759493671
			45.0632911392405	-51.0126582278481
			45.1898734177215	-51.0126582278481
			45.3164556962025	-51.1392405063291
			45.4430379746835	-51.1392405063291
			45.4430379746835	-51.2658227848101
			45.5696202531646	-51.2658227848101
		</dorsal_edge_of_narial_opening>
		<ventral_edge_of_narial_opening type=matrix rownames=FALSE colnames=FALSE nrow=305 ncol=2 as.numeric=TRUE >
			45.5696202531646	-51.2658227848101
			45.5696202531646	-51.3924050632911
			45.6962025316456	-51.3924050632911
			45.6962025316456	-51.5189873417722
			45.8227848101266	-51.6455696202532
			45.9493670886076	-51.7721518987342
			45.9493670886076	-51.8987341772152
			46.0759493670886	-52.0253164556962
			46.0759493670886	-52.1518987341772
			46.2025316455696	-52.2784810126582
			46.2025316455696	-52.4050632911392
			46.2025316455696	-52.5316455696203
			46.3291139240506	-52.6582278481013
			46.3291139240506	-52.7848101265823
			46.4556962025316	-52.9113924050633
			46.4556962025316	-53.0379746835443
			46.4556962025316	-53.1645569620253
			46.5822784810127	-53.2911392405063
			46.5822784810127	-53.4177215189873
			46.5822784810127	-53.5443037974684
			46.7088607594937	-53.6708860759494
			46.7088607594937	-53.7974683544304
			46.7088607594937	-53.9240506329114
			46.7088607594937	-54.0506329113924
			46.8354430379747	-54.1772151898734
			46.8354430379747	-54.3037974683544
			46.8354430379747	-54.4303797468354
			46.8354430379747	-54.5569620253165
			46.8354430379747	-54.6835443037975
			46.9620253164557	-54.8101265822785
			46.9620253164557	-54.9367088607595
			46.9620253164557	-55.0632911392405
			46.9620253164557	-55.1898734177215
			46.9620253164557	-55.3164556962025
			46.9620253164557	-55.4430379746835
			46.9620253164557	-55.5696202531646
			46.9620253164557	-55.6962025316456
			47.0886075949367	-55.8227848101266
			47.0886075949367	-55.9493670886076
			47.0886075949367	-56.0759493670886
			47.0886075949367	-56.2025316455696
			47.0886075949367	-56.3291139240506
			47.0886075949367	-56.4556962025316
			47.0886075949367	-56.5822784810127
			47.0886075949367	-56.7088607594937
			47.0886075949367	-56.8354430379747
			47.0886075949367	-56.9620253164557
			47.0886075949367	-57.0886075949367
			47.0886075949367	-57.2151898734177
			47.0886075949367	-57.3417721518987
			47.0886075949367	-57.4683544303797
			47.0886075949367	-57.5949367088608
			47.0886075949367	-57.7215189873418
			47.0886075949367	-57.8481012658228
			47.0886075949367	-57.9746835443038
			47.0886075949367	-58.1012658227848
			47.0886075949367	-58.2278481012658
			47.0886075949367	-58.3544303797468
			47.0886075949367	-58.4810126582279
			47.0886075949367	-58.6075949367089
			47.0886075949367	-58.7341772151899
			46.9620253164557	-58.8607594936709
			46.9620253164557	-58.9873417721519
			46.9620253164557	-59.1139240506329
			46.9620253164557	-59.2405063291139
			46.9620253164557	-59.3670886075949
			46.9620253164557	-59.493670886076
			46.9620253164557	-59.620253164557
			46.9620253164557	-59.746835443038
			46.9620253164557	-59.873417721519
			46.8354430379747	-60
			46.8354430379747	-60.126582278481
			46.8354430379747	-60.253164556962
			46.8354430379747	-60.379746835443
			46.8354430379747	-60.5063291139241
			46.8354430379747	-60.6329113924051
			46.8354430379747	-60.7594936708861
			46.7088607594937	-60.8860759493671
			46.7088607594937	-61.0126582278481
			46.7088607594937	-61.1392405063291
			46.7088607594937	-61.2658227848101
			46.7088607594937	-61.3924050632911
			46.5822784810127	-61.5189873417722
			46.5822784810127	-61.6455696202532
			46.4556962025316	-61.7721518987342
			46.3291139240506	-61.8987341772152
			46.2025316455696	-62.0253164556962
			46.2025316455696	-62.1518987341772
			46.0759493670886	-62.2784810126582
			45.9493670886076	-62.4050632911392
			45.9493670886076	-62.5316455696203
			45.9493670886076	-62.6582278481013
			45.8227848101266	-62.6582278481013
			45.8227848101266	-62.7848101265823
			45.6962025316456	-62.9113924050633
			45.6962025316456	-63.0379746835443
			45.5696202531646	-63.1645569620253
			45.4430379746835	-63.2911392405063
			45.3164556962025	-63.4177215189873
			45.1898734177215	-63.5443037974684
			45.0632911392405	-63.6708860759494
			45.0632911392405	-63.7974683544304
			44.9367088607595	-63.7974683544304
			44.9367088607595	-63.9240506329114
			44.8101265822785	-64.0506329113924
			44.6835443037975	-64.1772151898734
			44.5569620253165	-64.3037974683544
			44.4303797468354	-64.4303797468354
			44.3037974683544	-64.5569620253165
			44.3037974683544	-64.6835443037975
			44.1772151898734	-64.6835443037975
			44.0506329113924	-64.8101265822785
			43.9240506329114	-64.9367088607595
			43.9240506329114	-65.0632911392405
			43.7974683544304	-65.0632911392405
			43.6708860759494	-65.1898734177215
			43.5443037974684	-65.3164556962025
			43.4177215189873	-65.3164556962025
			43.4177215189873	-65.4430379746835
			43.2911392405063	-65.5696202531646
			43.1645569620253	-65.5696202531646
			43.0379746835443	-65.6962025316456
			42.9113924050633	-65.8227848101266
			42.7848101265823	-65.8227848101266
			42.7848101265823	-65.9493670886076
			42.6582278481013	-66.0759493670886
			42.5316455696203	-66.0759493670886
			42.4050632911392	-66.2025316455696
			42.2784810126582	-66.3291139240506
			42.1518987341772	-66.3291139240506
			42.0253164556962	-66.4556962025317
			41.8987341772152	-66.4556962025317
			41.7721518987342	-66.5822784810127
			41.6455696202532	-66.7088607594937
			41.5189873417722	-66.8354430379747
			41.3924050632911	-66.8354430379747
			41.2658227848101	-66.9620253164557
			41.1392405063291	-66.9620253164557
			41.0126582278481	-67.0886075949367
			40.8860759493671	-67.2151898734177
			40.7594936708861	-67.2151898734177
			40.6329113924051	-67.3417721518987
			40.5063291139241	-67.3417721518987
			40.379746835443	-67.3417721518987
			40.253164556962	-67.4683544303797
			40.126582278481	-67.4683544303797
			40.126582278481	-67.5949367088608
			40	-67.5949367088608
			39.873417721519	-67.7215189873418
			39.746835443038	-67.7215189873418
			39.620253164557	-67.7215189873418
			39.493670886076	-67.8481012658228
			39.3670886075949	-67.8481012658228
			39.2405063291139	-67.9746835443038
			39.1139240506329	-67.9746835443038
			38.9873417721519	-67.9746835443038
			38.8607594936709	-68.1012658227848
			38.7341772151899	-68.1012658227848
			38.6075949367089	-68.2278481012658
			38.4810126582279	-68.2278481012658
			38.3544303797468	-68.2278481012658
			38.2278481012658	-68.3544303797468
			38.1012658227848	-68.3544303797468
			37.9746835443038	-68.3544303797468
			37.8481012658228	-68.4810126582279
			37.7215189873418	-68.4810126582279
			37.5949367088608	-68.4810126582279
			37.4683544303797	-68.6075949367089
			37.3417721518987	-68.6075949367089
			37.2151898734177	-68.6075949367089
			37.0886075949367	-68.7341772151899
			36.9620253164557	-68.7341772151899
			36.8354430379747	-68.7341772151899
			36.7088607594937	-68.7341772151899
			36.5822784810127	-68.8607594936709
			36.4556962025316	-68.8607594936709
			36.3291139240506	-68.8607594936709
			36.2025316455696	-68.9873417721519
			36.0759493670886	-68.9873417721519
			35.9493670886076	-68.9873417721519
			35.8227848101266	-68.9873417721519
			35.6962025316456	-69.1139240506329
			35.5696202531646	-69.1139240506329
			35.4430379746835	-69.1139240506329
			35.3164556962025	-69.1139240506329
			35.1898734177215	-69.1139240506329
			35.0632911392405	-69.1139240506329
			34.9367088607595	-69.1139240506329
			34.8101265822785	-69.2405063291139
			34.6835443037975	-69.2405063291139
			34.5569620253165	-69.2405063291139
			34.4303797468354	-69.2405063291139
			34.3037974683544	-69.2405063291139
			34.1772151898734	-69.2405063291139
			34.0506329113924	-69.2405063291139
			33.9240506329114	-69.2405063291139
			33.7974683544304	-69.2405063291139
			33.6708860759494	-69.2405063291139
			33.5443037974684	-69.2405063291139
			33.4177215189873	-69.2405063291139
			33.2911392405063	-69.2405063291139
			33.1645569620253	-69.2405063291139
			33.0379746835443	-69.2405063291139
			32.9113924050633	-69.2405063291139
			32.7848101265823	-69.2405063291139
			32.6582278481013	-69.2405063291139
			32.5316455696203	-69.2405063291139
			32.4050632911392	-69.2405063291139
			32.2784810126582	-69.2405063291139
			32.1518987341772	-69.1139240506329
			32.0253164556962	-69.1139240506329
			31.8987341772152	-69.1139240506329
			31.7721518987342	-69.1139240506329
			31.6455696202532	-69.1139240506329
			31.5189873417722	-69.1139240506329
			31.3924050632911	-69.1139240506329
			31.2658227848101	-69.1139240506329
			31.1392405063291	-69.1139240506329
			31.0126582278481	-68.9873417721519
			30.8860759493671	-68.9873417721519
			30.7594936708861	-68.9873417721519
			30.6329113924051	-68.9873417721519
			30.5063291139241	-68.9873417721519
			30.379746835443	-68.8607594936709
			30.253164556962	-68.8607594936709
			30.126582278481	-68.8607594936709
			30	-68.8607594936709
			29.873417721519	-68.8607594936709
			29.746835443038	-68.7341772151899
			29.620253164557	-68.7341772151899
			29.493670886076	-68.7341772151899
			29.3670886075949	-68.6075949367089
			29.2405063291139	-68.6075949367089
			29.1139240506329	-68.6075949367089
			28.9873417721519	-68.6075949367089
			28.8607594936709	-68.4810126582279
			28.7341772151899	-68.4810126582279
			28.6075949367089	-68.4810126582279
			28.4810126582279	-68.3544303797468
			28.3544303797468	-68.3544303797468
			28.2278481012658	-68.2278481012658
			28.1012658227848	-68.2278481012658
			27.9746835443038	-68.2278481012658
			27.8481012658228	-68.1012658227848
			27.7215189873418	-68.1012658227848
			27.5949367088608	-68.1012658227848
			27.4683544303797	-67.9746835443038
			27.3417721518987	-67.9746835443038
			27.2151898734177	-67.9746835443038
			27.0886075949367	-67.9746835443038
			26.9620253164557	-67.9746835443038
			26.8354430379747	-67.8481012658228
			26.7088607594937	-67.8481012658228
			26.5822784810127	-67.8481012658228
			26.4556962025316	-67.7215189873418
			26.3291139240506	-67.7215189873418
			26.2025316455696	-67.7215189873418
			26.0759493670886	-67.5949367088608
			25.9493670886076	-67.5949367088608
			25.8227848101266	-67.5949367088608
			25.6962025316456	-67.5949367088608
			25.6962025316456	-67.4683544303797
			25.5696202531646	-67.4683544303797
			25.4430379746835	-67.4683544303797
			25.3164556962025	-67.3417721518987
			25.1898734177215	-67.3417721518987
			25.0632911392405	-67.3417721518987
			24.9367088607595	-67.2151898734177
			24.8101265822785	-67.0886075949367
			24.6835443037975	-67.0886075949367
			24.5569620253165	-67.0886075949367
			24.4303797468354	-66.9620253164557
			24.3037974683544	-66.9620253164557
			24.1772151898734	-66.8354430379747
			24.0506329113924	-66.8354430379747
			23.9240506329114	-66.7088607594937
			23.7974683544304	-66.7088607594937
			23.6708860759494	-66.5822784810127
			23.5443037974684	-66.5822784810127
			23.4177215189873	-66.4556962025317
			23.2911392405063	-66.4556962025317
			23.1645569620253	-66.3291139240506
			23.1645569620253	-66.2025316455696
			23.0379746835443	-66.2025316455696
			22.9113924050633	-66.0759493670886
			22.7848101265823	-66.0759493670886
			22.6582278481013	-65.9493670886076
			22.5316455696203	-65.9493670886076
			22.5316455696203	-65.8227848101266
			22.4050632911392	-65.6962025316456
			22.2784810126582	-65.6962025316456
			22.1518987341772	-65.5696202531646
			22.0253164556962	-65.4430379746835
			21.8987341772152	-65.3164556962025
			21.7721518987342	-65.1898734177215
			21.6455696202532	-65.1898734177215
			21.5189873417722	-65.0632911392405
			21.3924050632911	-64.9367088607595
			21.3924050632911	-64.8101265822785
			21.2658227848101	-64.6835443037975
			21.1392405063291	-64.5569620253165
			21.0126582278481	-64.4303797468354
			20.8860759493671	-64.3037974683544
			20.7594936708861	-64.3037974683544
			20.7594936708861	-64.1772151898734
		</ventral_edge_of_narial_opening>
		<dorsal_edge_of_antorbital_fenestra type=matrix rownames=FALSE colnames=FALSE nrow=40 ncol=2 as.numeric=TRUE >
			54.9367088607595	-58.6075949367089
			54.8101265822785	-58.4810126582279
			54.8101265822785	-58.3544303797468
			54.8101265822785	-58.2278481012658
			54.6835443037975	-58.1012658227848
			54.6835443037975	-57.9746835443038
			54.6835443037975	-57.8481012658228
			54.6835443037975	-57.7215189873418
			54.6835443037975	-57.5949367088608
			54.8101265822785	-57.4683544303797
			54.8101265822785	-57.3417721518987
			54.8101265822785	-57.2151898734177
			54.9367088607595	-57.0886075949367
			54.9367088607595	-56.9620253164557
			55.0632911392405	-56.8354430379747
			55.0632911392405	-56.7088607594937
			55.1898734177215	-56.5822784810127
			55.3164556962025	-56.5822784810127
			55.3164556962025	-56.4556962025316
			55.4430379746835	-56.3291139240506
			55.5696202531646	-56.2025316455696
			55.6962025316456	-56.0759493670886
			55.8227848101266	-55.9493670886076
			55.9493670886076	-55.8227848101266
			56.0759493670886	-55.6962025316456
			56.2025316455696	-55.5696202531646
			56.3291139240506	-55.4430379746835
			56.4556962025316	-55.4430379746835
			56.5822784810127	-55.3164556962025
			56.7088607594937	-55.1898734177215
			56.8354430379747	-55.1898734177215
			56.9620253164557	-55.0632911392405
			57.0886075949367	-55.0632911392405
			57.2151898734177	-54.9367088607595
			57.3417721518987	-54.9367088607595
			57.4683544303797	-54.8101265822785
			57.5949367088608	-54.8101265822785
			57.7215189873418	-54.8101265822785
			57.8481012658228	-54.6835443037975
			57.9746835443038	-54.6835443037975
		</dorsal_edge_of_antorbital_fenestra>
		<ventral_edge_of_antorbital_fenestra type=matrix rownames=FALSE colnames=FALSE nrow=47 ncol=2 as.numeric=TRUE >
			57.9746835443038	-54.6835443037975
			58.1012658227848	-54.8101265822785
			58.2278481012658	-54.9367088607595
			58.3544303797468	-55.0632911392405
			58.3544303797468	-55.1898734177215
			58.4810126582279	-55.3164556962025
			58.4810126582279	-55.4430379746835
			58.4810126582279	-55.5696202531646
			58.4810126582279	-55.6962025316456
			58.6075949367089	-55.8227848101266
			58.4810126582279	-55.9493670886076
			58.4810126582279	-56.0759493670886
			58.4810126582279	-56.2025316455696
			58.4810126582279	-56.3291139240506
			58.4810126582279	-56.4556962025316
			58.3544303797468	-56.5822784810127
			58.3544303797468	-56.7088607594937
			58.2278481012658	-56.8354430379747
			58.2278481012658	-56.9620253164557
			58.1012658227848	-57.0886075949367
			57.9746835443038	-57.2151898734177
			57.9746835443038	-57.3417721518987
			57.8481012658228	-57.4683544303797
			57.7215189873418	-57.5949367088608
			57.5949367088608	-57.7215189873418
			57.4683544303797	-57.8481012658228
			57.3417721518987	-57.9746835443038
			57.2151898734177	-57.9746835443038
			57.0886075949367	-58.1012658227848
			56.9620253164557	-58.1012658227848
			56.8354430379747	-58.1012658227848
			56.7088607594937	-58.2278481012658
			56.5822784810127	-58.2278481012658
			56.4556962025316	-58.3544303797468
			56.3291139240506	-58.3544303797468
			56.2025316455696	-58.3544303797468
			56.0759493670886	-58.3544303797468
			56.0759493670886	-58.4810126582279
			55.9493670886076	-58.4810126582279
			55.8227848101266	-58.4810126582279
			55.6962025316456	-58.4810126582279
			55.5696202531646	-58.4810126582279
			55.4430379746835	-58.6075949367089
			55.3164556962025	-58.6075949367089
			55.1898734177215	-58.6075949367089
			55.0632911392405	-58.6075949367089
			54.9367088607595	-58.6075949367089
		</ventral_edge_of_antorbital_fenestra>
	</curves.scaled>
	<ruler.points type=matrix rownames=TRUE colnames=FALSE nrow=2 ncol=2 as.numeric=TRUE >
		Ruler point 1	74	731
		Ruler point 2	153	731
	</ruler.points>
</shapes>

