<shapes type=list>
	<ruler.pixel type=vector names=FALSE length=1 as.numeric=TRUE >30</ruler.pixel>
	<ruler.interval type=vector names=FALSE length=1 as.numeric=TRUE >10</ruler.interval>
	<scaling.units type=vector names=FALSE length=1 as.numeric=FALSE >cm</scaling.units>
	<scaling type=vector names=FALSE length=1 as.numeric=TRUE >0.333333333333333</scaling>
	<landmarks.pixel type=matrix rownames=TRUE colnames=FALSE nrow=8 ncol=2 as.numeric=TRUE >
		upper_contact_of_premaxilla_rostral	72	256
		projection_of_nasal_edge_lacrimal_contact	199	180
		lower_contact_of_premaxilla_rostral	85	309
		lower_contact_of_premaxilla_maxilla	130	305
		maximum_curvature_point_of_narial_opening_at_caudo_dorsal_edge	149	240
		maximum_curvature_point_of_narial_opening_at_anterio_ventral_edge	61	286
		maximum_curvature_point_of_antorbital_fenestra_at_caudo_dorsal_edge	182	245
		maximum_curvature_point_of_antorbital_fenestra_at_anterio_ventral_edge	172	257
	</landmarks.pixel>
	<landmarks.scaled type=matrix rownames=TRUE colnames=FALSE nrow=8 ncol=2 as.numeric=TRUE >
		upper_contact_of_premaxilla_rostral	24	-85.3333333333333
		projection_of_nasal_edge_lacrimal_contact	66.3333333333333	-60
		lower_contact_of_premaxilla_rostral	28.3333333333333	-103
		lower_contact_of_premaxilla_maxilla	43.3333333333333	-101.666666666667
		maximum_curvature_point_of_narial_opening_at_caudo_dorsal_edge	49.6666666666667	-80
		maximum_curvature_point_of_narial_opening_at_anterio_ventral_edge	20.3333333333333	-95.3333333333333
		maximum_curvature_point_of_antorbital_fenestra_at_caudo_dorsal_edge	60.6666666666667	-81.6666666666667
		maximum_curvature_point_of_antorbital_fenestra_at_anterio_ventral_edge	57.3333333333333	-85.6666666666667
	</landmarks.scaled>
	<curves.control type=list>
		<dorsal_edge_of_snout type=matrix rownames=FALSE colnames=FALSE nrow=15 ncol=2 as.numeric=TRUE >
			72	256
			81	253
			84	247
			86	240
			86	232
			83	228
			81	223
			92	220
			108	218
			125	218
			141	216
			148	216
			172	199
			192	192
			199	180
		</dorsal_edge_of_snout>
		<ventral_edge_of_snout type=matrix rownames=FALSE colnames=FALSE nrow=7 ncol=2 as.numeric=TRUE >
			85	309
			96	309
			102	310
			113	308
			119	305
			126	303
			130	305
		</ventral_edge_of_snout>
		<dorsal_edge_of_narial_opening type=matrix rownames=FALSE colnames=FALSE nrow=11 ncol=2 as.numeric=TRUE >
			61	286
			56	268
			90	260
			96	256
			96	251
			93	245
			97	240
			110	227
			127	229
			143	230
			149	240
		</dorsal_edge_of_narial_opening>
		<ventral_edge_of_narial_opening type=matrix rownames=FALSE colnames=FALSE nrow=9 ncol=2 as.numeric=TRUE >
			149	240
			154	253
			139	261
			129	272
			118	283
			109	289
			91	292
			73	295
			61	286
		</ventral_edge_of_narial_opening>
		<dorsal_edge_of_antorbital_fenestra type=matrix rownames=FALSE colnames=FALSE nrow=3 ncol=2 as.numeric=TRUE >
			172	257
			174	249
			182	245
		</dorsal_edge_of_antorbital_fenestra>
		<ventral_edge_of_antorbital_fenestra type=matrix rownames=FALSE colnames=FALSE nrow=3 ncol=2 as.numeric=TRUE >
			182	245
			181	254
			172	257
		</ventral_edge_of_antorbital_fenestra>
	</curves.control>
	<curves.pixel type=list>
		<dorsal_edge_of_snout type=matrix rownames=FALSE colnames=FALSE nrow=164 ncol=2 as.numeric=TRUE >
			72	256
			73	256
			73	255
			74	255
			75	255
			76	254
			77	254
			78	253
			79	252
			80	252
			81	251
			82	250
			83	249
			83	248
			84	247
			84	246
			85	245
			85	244
			85	243
			85	242
			85	241
			85	240
			86	240
			86	239
			86	238
			86	237
			86	236
			86	235
			86	234
			86	233
			86	232
			85	231
			85	230
			84	229
			83	228
			83	227
			82	226
			82	225
			81	224
			82	223
			83	222
			84	222
			85	222
			86	222
			87	221
			88	221
			89	221
			90	221
			91	221
			92	221
			92	220
			93	220
			94	220
			95	220
			96	220
			97	220
			98	219
			99	219
			100	219
			101	219
			102	219
			103	219
			104	219
			104	218
			105	218
			106	218
			107	218
			108	218
			109	218
			110	218
			111	218
			112	218
			113	218
			114	218
			115	218
			116	218
			117	218
			118	218
			119	218
			120	218
			121	218
			122	218
			123	218
			124	218
			125	217
			126	217
			127	217
			128	217
			129	217
			130	217
			131	217
			132	217
			133	217
			134	217
			135	217
			136	217
			137	216
			138	216
			139	216
			140	216
			141	216
			142	216
			143	216
			144	215
			145	215
			146	215
			147	215
			147	214
			148	214
			149	213
			150	213
			151	212
			152	212
			153	211
			154	211
			155	210
			156	210
			157	209
			158	208
			159	208
			160	207
			161	207
			162	206
			163	205
			164	205
			165	204
			166	203
			167	203
			168	202
			169	201
			170	200
			171	199
			172	199
			173	199
			174	198
			175	198
			176	197
			177	197
			178	197
			179	196
			180	196
			181	195
			182	195
			183	194
			184	194
			185	193
			186	193
			187	192
			188	192
			188	191
			189	190
			190	190
			191	189
			192	188
			193	187
			194	187
			195	186
			195	185
			196	184
			197	184
			197	183
			198	182
			198	181
			199	180
		</dorsal_edge_of_snout>
		<ventral_edge_of_snout type=matrix rownames=FALSE colnames=FALSE nrow=48 ncol=2 as.numeric=TRUE >
			85	309
			86	309
			87	309
			88	309
			89	309
			90	309
			91	309
			92	309
			93	309
			94	309
			95	309
			96	309
			97	309
			98	309
			99	310
			100	310
			101	310
			102	310
			103	310
			104	310
			105	309
			106	309
			107	309
			108	309
			109	308
			110	308
			111	308
			112	308
			113	307
			114	307
			115	307
			116	306
			117	306
			118	306
			118	305
			119	305
			120	305
			121	305
			121	304
			122	304
			123	304
			124	304
			125	304
			126	304
			127	304
			128	304
			129	305
			130	305
		</ventral_edge_of_snout>
		<dorsal_edge_of_narial_opening type=matrix rownames=FALSE colnames=FALSE nrow=121 ncol=2 as.numeric=TRUE >
			61	286
			61	285
			61	284
			60	283
			60	282
			60	281
			60	280
			61	279
			61	278
			61	277
			61	276
			62	275
			62	274
			63	274
			64	273
			64	272
			65	271
			66	271
			67	270
			67	269
			68	268
			69	268
			70	268
			70	267
			71	267
			72	266
			73	266
			74	265
			75	265
			76	264
			77	264
			78	264
			79	263
			80	263
			81	262
			82	262
			83	262
			84	262
			85	261
			86	261
			87	261
			88	261
			89	260
			90	260
			91	260
			91	259
			92	259
			92	258
			93	258
			93	257
			94	257
			94	256
			95	255
			95	254
			96	253
			96	252
			96	251
			95	250
			95	249
			95	248
			95	247
			95	246
			95	245
			95	244
			95	243
			96	242
			96	241
			97	240
			98	239
			99	238
			100	237
			101	237
			102	236
			103	235
			104	234
			105	233
			106	233
			107	232
			108	232
			109	232
			110	231
			111	231
			112	230
			113	230
			114	230
			115	230
			116	229
			117	229
			118	229
			119	229
			120	229
			121	229
			122	229
			123	229
			124	229
			125	229
			126	229
			127	229
			128	229
			129	229
			130	229
			131	229
			132	229
			132	230
			133	230
			134	230
			135	230
			136	231
			137	231
			138	231
			139	232
			140	232
			141	232
			142	233
			143	234
			144	235
			145	236
			146	237
			147	238
			148	239
			149	240
		</dorsal_edge_of_narial_opening>
		<ventral_edge_of_narial_opening type=matrix rownames=FALSE colnames=FALSE nrow=109 ncol=2 as.numeric=TRUE >
			149	240
			149	241
			150	242
			150	243
			150	244
			150	245
			150	246
			150	247
			150	248
			150	249
			150	250
			149	251
			149	252
			149	253
			148	253
			147	254
			147	255
			146	256
			145	257
			144	257
			144	258
			143	259
			142	259
			141	260
			140	261
			139	261
			138	262
			137	263
			136	264
			135	265
			134	266
			134	267
			133	268
			132	268
			131	269
			131	270
			130	271
			129	272
			128	272
			128	273
			127	274
			126	275
			125	276
			124	277
			123	278
			122	279
			121	280
			120	281
			119	282
			118	283
			117	283
			117	284
			116	284
			115	285
			114	285
			113	286
			112	286
			111	287
			110	287
			109	287
			108	288
			107	288
			106	289
			105	289
			104	289
			103	289
			103	290
			102	290
			101	290
			100	290
			99	290
			98	291
			97	291
			96	291
			95	291
			94	292
			93	292
			92	292
			91	292
			90	292
			89	292
			88	292
			87	293
			86	293
			85	293
			84	293
			83	293
			82	293
			81	293
			80	293
			79	293
			78	293
			77	292
			76	292
			75	292
			74	292
			73	292
			72	291
			71	291
			70	291
			69	291
			68	290
			67	289
			66	289
			65	288
			64	288
			63	287
			62	287
			61	286
		</ventral_edge_of_narial_opening>
		<dorsal_edge_of_antorbital_fenestra type=matrix rownames=FALSE colnames=FALSE nrow=15 ncol=2 as.numeric=TRUE >
			172	257
			172	256
			173	255
			173	254
			173	253
			174	252
			175	251
			176	250
			176	249
			177	248
			178	247
			179	247
			180	246
			181	245
			182	245
		</dorsal_edge_of_antorbital_fenestra>
		<ventral_edge_of_antorbital_fenestra type=matrix rownames=FALSE colnames=FALSE nrow=17 ncol=2 as.numeric=TRUE >
			182	245
			182	246
			182	247
			181	248
			181	249
			181	250
			180	251
			180	252
			179	252
			179	253
			178	254
			177	254
			176	255
			175	256
			174	256
			173	257
			172	257
		</ventral_edge_of_antorbital_fenestra>
	</curves.pixel>
	<curves.scaled type=list>
		<dorsal_edge_of_snout type=matrix rownames=FALSE colnames=FALSE nrow=164 ncol=2 as.numeric=TRUE >
			24	-85.3333333333333
			24.3333333333333	-85.3333333333333
			24.3333333333333	-85
			24.6666666666667	-85
			25	-85
			25.3333333333333	-84.6666666666667
			25.6666666666667	-84.6666666666667
			26	-84.3333333333333
			26.3333333333333	-84
			26.6666666666667	-84
			27	-83.6666666666667
			27.3333333333333	-83.3333333333333
			27.6666666666667	-83
			27.6666666666667	-82.6666666666667
			28	-82.3333333333333
			28	-82
			28.3333333333333	-81.6666666666667
			28.3333333333333	-81.3333333333333
			28.3333333333333	-81
			28.3333333333333	-80.6666666666667
			28.3333333333333	-80.3333333333333
			28.3333333333333	-80
			28.6666666666667	-80
			28.6666666666667	-79.6666666666667
			28.6666666666667	-79.3333333333333
			28.6666666666667	-79
			28.6666666666667	-78.6666666666667
			28.6666666666667	-78.3333333333333
			28.6666666666667	-78
			28.6666666666667	-77.6666666666667
			28.6666666666667	-77.3333333333333
			28.3333333333333	-77
			28.3333333333333	-76.6666666666667
			28	-76.3333333333333
			27.6666666666667	-76
			27.6666666666667	-75.6666666666667
			27.3333333333333	-75.3333333333333
			27.3333333333333	-75
			27	-74.6666666666667
			27.3333333333333	-74.3333333333333
			27.6666666666667	-74
			28	-74
			28.3333333333333	-74
			28.6666666666667	-74
			29	-73.6666666666667
			29.3333333333333	-73.6666666666667
			29.6666666666667	-73.6666666666667
			30	-73.6666666666667
			30.3333333333333	-73.6666666666667
			30.6666666666667	-73.6666666666667
			30.6666666666667	-73.3333333333333
			31	-73.3333333333333
			31.3333333333333	-73.3333333333333
			31.6666666666667	-73.3333333333333
			32	-73.3333333333333
			32.3333333333333	-73.3333333333333
			32.6666666666667	-73
			33	-73
			33.3333333333333	-73
			33.6666666666667	-73
			34	-73
			34.3333333333333	-73
			34.6666666666667	-73
			34.6666666666667	-72.6666666666667
			35	-72.6666666666667
			35.3333333333333	-72.6666666666667
			35.6666666666667	-72.6666666666667
			36	-72.6666666666667
			36.3333333333333	-72.6666666666667
			36.6666666666667	-72.6666666666667
			37	-72.6666666666667
			37.3333333333333	-72.6666666666667
			37.6666666666667	-72.6666666666667
			38	-72.6666666666667
			38.3333333333333	-72.6666666666667
			38.6666666666667	-72.6666666666667
			39	-72.6666666666667
			39.3333333333333	-72.6666666666667
			39.6666666666667	-72.6666666666667
			40	-72.6666666666667
			40.3333333333333	-72.6666666666667
			40.6666666666667	-72.6666666666667
			41	-72.6666666666667
			41.3333333333333	-72.6666666666667
			41.6666666666667	-72.3333333333333
			42	-72.3333333333333
			42.3333333333333	-72.3333333333333
			42.6666666666667	-72.3333333333333
			43	-72.3333333333333
			43.3333333333333	-72.3333333333333
			43.6666666666667	-72.3333333333333
			44	-72.3333333333333
			44.3333333333333	-72.3333333333333
			44.6666666666667	-72.3333333333333
			45	-72.3333333333333
			45.3333333333333	-72.3333333333333
			45.6666666666667	-72
			46	-72
			46.3333333333333	-72
			46.6666666666667	-72
			47	-72
			47.3333333333333	-72
			47.6666666666667	-72
			48	-71.6666666666667
			48.3333333333333	-71.6666666666667
			48.6666666666667	-71.6666666666667
			49	-71.6666666666667
			49	-71.3333333333333
			49.3333333333333	-71.3333333333333
			49.6666666666667	-71
			50	-71
			50.3333333333333	-70.6666666666667
			50.6666666666667	-70.6666666666667
			51	-70.3333333333333
			51.3333333333333	-70.3333333333333
			51.6666666666667	-70
			52	-70
			52.3333333333333	-69.6666666666667
			52.6666666666667	-69.3333333333333
			53	-69.3333333333333
			53.3333333333333	-69
			53.6666666666667	-69
			54	-68.6666666666667
			54.3333333333333	-68.3333333333333
			54.6666666666667	-68.3333333333333
			55	-68
			55.3333333333333	-67.6666666666667
			55.6666666666667	-67.6666666666667
			56	-67.3333333333333
			56.3333333333333	-67
			56.6666666666667	-66.6666666666667
			57	-66.3333333333333
			57.3333333333333	-66.3333333333333
			57.6666666666667	-66.3333333333333
			58	-66
			58.3333333333333	-66
			58.6666666666667	-65.6666666666667
			59	-65.6666666666667
			59.3333333333333	-65.6666666666667
			59.6666666666667	-65.3333333333333
			60	-65.3333333333333
			60.3333333333333	-65
			60.6666666666667	-65
			61	-64.6666666666667
			61.3333333333333	-64.6666666666667
			61.6666666666667	-64.3333333333333
			62	-64.3333333333333
			62.3333333333333	-64
			62.6666666666667	-64
			62.6666666666667	-63.6666666666667
			63	-63.3333333333333
			63.3333333333333	-63.3333333333333
			63.6666666666667	-63
			64	-62.6666666666667
			64.3333333333333	-62.3333333333333
			64.6666666666667	-62.3333333333333
			65	-62
			65	-61.6666666666667
			65.3333333333333	-61.3333333333333
			65.6666666666667	-61.3333333333333
			65.6666666666667	-61
			66	-60.6666666666667
			66	-60.3333333333333
			66.3333333333333	-60
		</dorsal_edge_of_snout>
		<ventral_edge_of_snout type=matrix rownames=FALSE colnames=FALSE nrow=48 ncol=2 as.numeric=TRUE >
			28.3333333333333	-103
			28.6666666666667	-103
			29	-103
			29.3333333333333	-103
			29.6666666666667	-103
			30	-103
			30.3333333333333	-103
			30.6666666666667	-103
			31	-103
			31.3333333333333	-103
			31.6666666666667	-103
			32	-103
			32.3333333333333	-103
			32.6666666666667	-103
			33	-103.333333333333
			33.3333333333333	-103.333333333333
			33.6666666666667	-103.333333333333
			34	-103.333333333333
			34.3333333333333	-103.333333333333
			34.6666666666667	-103.333333333333
			35	-103
			35.3333333333333	-103
			35.6666666666667	-103
			36	-103
			36.3333333333333	-102.666666666667
			36.6666666666667	-102.666666666667
			37	-102.666666666667
			37.3333333333333	-102.666666666667
			37.6666666666667	-102.333333333333
			38	-102.333333333333
			38.3333333333333	-102.333333333333
			38.6666666666667	-102
			39	-102
			39.3333333333333	-102
			39.3333333333333	-101.666666666667
			39.6666666666667	-101.666666666667
			40	-101.666666666667
			40.3333333333333	-101.666666666667
			40.3333333333333	-101.333333333333
			40.6666666666667	-101.333333333333
			41	-101.333333333333
			41.3333333333333	-101.333333333333
			41.6666666666667	-101.333333333333
			42	-101.333333333333
			42.3333333333333	-101.333333333333
			42.6666666666667	-101.333333333333
			43	-101.666666666667
			43.3333333333333	-101.666666666667
		</ventral_edge_of_snout>
		<dorsal_edge_of_narial_opening type=matrix rownames=FALSE colnames=FALSE nrow=121 ncol=2 as.numeric=TRUE >
			20.3333333333333	-95.3333333333333
			20.3333333333333	-95
			20.3333333333333	-94.6666666666667
			20	-94.3333333333333
			20	-94
			20	-93.6666666666667
			20	-93.3333333333333
			20.3333333333333	-93
			20.3333333333333	-92.6666666666667
			20.3333333333333	-92.3333333333333
			20.3333333333333	-92
			20.6666666666667	-91.6666666666667
			20.6666666666667	-91.3333333333333
			21	-91.3333333333333
			21.3333333333333	-91
			21.3333333333333	-90.6666666666667
			21.6666666666667	-90.3333333333333
			22	-90.3333333333333
			22.3333333333333	-90
			22.3333333333333	-89.6666666666667
			22.6666666666667	-89.3333333333333
			23	-89.3333333333333
			23.3333333333333	-89.3333333333333
			23.3333333333333	-89
			23.6666666666667	-89
			24	-88.6666666666667
			24.3333333333333	-88.6666666666667
			24.6666666666667	-88.3333333333333
			25	-88.3333333333333
			25.3333333333333	-88
			25.6666666666667	-88
			26	-88
			26.3333333333333	-87.6666666666667
			26.6666666666667	-87.6666666666667
			27	-87.3333333333333
			27.3333333333333	-87.3333333333333
			27.6666666666667	-87.3333333333333
			28	-87.3333333333333
			28.3333333333333	-87
			28.6666666666667	-87
			29	-87
			29.3333333333333	-87
			29.6666666666667	-86.6666666666667
			30	-86.6666666666667
			30.3333333333333	-86.6666666666667
			30.3333333333333	-86.3333333333333
			30.6666666666667	-86.3333333333333
			30.6666666666667	-86
			31	-86
			31	-85.6666666666667
			31.3333333333333	-85.6666666666667
			31.3333333333333	-85.3333333333333
			31.6666666666667	-85
			31.6666666666667	-84.6666666666667
			32	-84.3333333333333
			32	-84
			32	-83.6666666666667
			31.6666666666667	-83.3333333333333
			31.6666666666667	-83
			31.6666666666667	-82.6666666666667
			31.6666666666667	-82.3333333333333
			31.6666666666667	-82
			31.6666666666667	-81.6666666666667
			31.6666666666667	-81.3333333333333
			31.6666666666667	-81
			32	-80.6666666666667
			32	-80.3333333333333
			32.3333333333333	-80
			32.6666666666667	-79.6666666666667
			33	-79.3333333333333
			33.3333333333333	-79
			33.6666666666667	-79
			34	-78.6666666666667
			34.3333333333333	-78.3333333333333
			34.6666666666667	-78
			35	-77.6666666666667
			35.3333333333333	-77.6666666666667
			35.6666666666667	-77.3333333333333
			36	-77.3333333333333
			36.3333333333333	-77.3333333333333
			36.6666666666667	-77
			37	-77
			37.3333333333333	-76.6666666666667
			37.6666666666667	-76.6666666666667
			38	-76.6666666666667
			38.3333333333333	-76.6666666666667
			38.6666666666667	-76.3333333333333
			39	-76.3333333333333
			39.3333333333333	-76.3333333333333
			39.6666666666667	-76.3333333333333
			40	-76.3333333333333
			40.3333333333333	-76.3333333333333
			40.6666666666667	-76.3333333333333
			41	-76.3333333333333
			41.3333333333333	-76.3333333333333
			41.6666666666667	-76.3333333333333
			42	-76.3333333333333
			42.3333333333333	-76.3333333333333
			42.6666666666667	-76.3333333333333
			43	-76.3333333333333
			43.3333333333333	-76.3333333333333
			43.6666666666667	-76.3333333333333
			44	-76.3333333333333
			44	-76.6666666666667
			44.3333333333333	-76.6666666666667
			44.6666666666667	-76.6666666666667
			45	-76.6666666666667
			45.3333333333333	-77
			45.6666666666667	-77
			46	-77
			46.3333333333333	-77.3333333333333
			46.6666666666667	-77.3333333333333
			47	-77.3333333333333
			47.3333333333333	-77.6666666666667
			47.6666666666667	-78
			48	-78.3333333333333
			48.3333333333333	-78.6666666666667
			48.6666666666667	-79
			49	-79.3333333333333
			49.3333333333333	-79.6666666666667
			49.6666666666667	-80
		</dorsal_edge_of_narial_opening>
		<ventral_edge_of_narial_opening type=matrix rownames=FALSE colnames=FALSE nrow=109 ncol=2 as.numeric=TRUE >
			49.6666666666667	-80
			49.6666666666667	-80.3333333333333
			50	-80.6666666666667
			50	-81
			50	-81.3333333333333
			50	-81.6666666666667
			50	-82
			50	-82.3333333333333
			50	-82.6666666666667
			50	-83
			50	-83.3333333333333
			49.6666666666667	-83.6666666666667
			49.6666666666667	-84
			49.6666666666667	-84.3333333333333
			49.3333333333333	-84.3333333333333
			49	-84.6666666666667
			49	-85
			48.6666666666667	-85.3333333333333
			48.3333333333333	-85.6666666666667
			48	-85.6666666666667
			48	-86
			47.6666666666667	-86.3333333333333
			47.3333333333333	-86.3333333333333
			47	-86.6666666666667
			46.6666666666667	-87
			46.3333333333333	-87
			46	-87.3333333333333
			45.6666666666667	-87.6666666666667
			45.3333333333333	-88
			45	-88.3333333333333
			44.6666666666667	-88.6666666666667
			44.6666666666667	-89
			44.3333333333333	-89.3333333333333
			44	-89.3333333333333
			43.6666666666667	-89.6666666666667
			43.6666666666667	-90
			43.3333333333333	-90.3333333333333
			43	-90.6666666666667
			42.6666666666667	-90.6666666666667
			42.6666666666667	-91
			42.3333333333333	-91.3333333333333
			42	-91.6666666666667
			41.6666666666667	-92
			41.3333333333333	-92.3333333333333
			41	-92.6666666666667
			40.6666666666667	-93
			40.3333333333333	-93.3333333333333
			40	-93.6666666666667
			39.6666666666667	-94
			39.3333333333333	-94.3333333333333
			39	-94.3333333333333
			39	-94.6666666666667
			38.6666666666667	-94.6666666666667
			38.3333333333333	-95
			38	-95
			37.6666666666667	-95.3333333333333
			37.3333333333333	-95.3333333333333
			37	-95.6666666666667
			36.6666666666667	-95.6666666666667
			36.3333333333333	-95.6666666666667
			36	-96
			35.6666666666667	-96
			35.3333333333333	-96.3333333333333
			35	-96.3333333333333
			34.6666666666667	-96.3333333333333
			34.3333333333333	-96.3333333333333
			34.3333333333333	-96.6666666666667
			34	-96.6666666666667
			33.6666666666667	-96.6666666666667
			33.3333333333333	-96.6666666666667
			33	-96.6666666666667
			32.6666666666667	-97
			32.3333333333333	-97
			32	-97
			31.6666666666667	-97
			31.3333333333333	-97.3333333333333
			31	-97.3333333333333
			30.6666666666667	-97.3333333333333
			30.3333333333333	-97.3333333333333
			30	-97.3333333333333
			29.6666666666667	-97.3333333333333
			29.3333333333333	-97.3333333333333
			29	-97.6666666666667
			28.6666666666667	-97.6666666666667
			28.3333333333333	-97.6666666666667
			28	-97.6666666666667
			27.6666666666667	-97.6666666666667
			27.3333333333333	-97.6666666666667
			27	-97.6666666666667
			26.6666666666667	-97.6666666666667
			26.3333333333333	-97.6666666666667
			26	-97.6666666666667
			25.6666666666667	-97.3333333333333
			25.3333333333333	-97.3333333333333
			25	-97.3333333333333
			24.6666666666667	-97.3333333333333
			24.3333333333333	-97.3333333333333
			24	-97
			23.6666666666667	-97
			23.3333333333333	-97
			23	-97
			22.6666666666667	-96.6666666666667
			22.3333333333333	-96.3333333333333
			22	-96.3333333333333
			21.6666666666667	-96
			21.3333333333333	-96
			21	-95.6666666666667
			20.6666666666667	-95.6666666666667
			20.3333333333333	-95.3333333333333
		</ventral_edge_of_narial_opening>
		<dorsal_edge_of_antorbital_fenestra type=matrix rownames=FALSE colnames=FALSE nrow=15 ncol=2 as.numeric=TRUE >
			57.3333333333333	-85.6666666666667
			57.3333333333333	-85.3333333333333
			57.6666666666667	-85
			57.6666666666667	-84.6666666666667
			57.6666666666667	-84.3333333333333
			58	-84
			58.3333333333333	-83.6666666666667
			58.6666666666667	-83.3333333333333
			58.6666666666667	-83
			59	-82.6666666666667
			59.3333333333333	-82.3333333333333
			59.6666666666667	-82.3333333333333
			60	-82
			60.3333333333333	-81.6666666666667
			60.6666666666667	-81.6666666666667
		</dorsal_edge_of_antorbital_fenestra>
		<ventral_edge_of_antorbital_fenestra type=matrix rownames=FALSE colnames=FALSE nrow=17 ncol=2 as.numeric=TRUE >
			60.6666666666667	-81.6666666666667
			60.6666666666667	-82
			60.6666666666667	-82.3333333333333
			60.3333333333333	-82.6666666666667
			60.3333333333333	-83
			60.3333333333333	-83.3333333333333
			60	-83.6666666666667
			60	-84
			59.6666666666667	-84
			59.6666666666667	-84.3333333333333
			59.3333333333333	-84.6666666666667
			59	-84.6666666666667
			58.6666666666667	-85
			58.3333333333333	-85.3333333333333
			58	-85.3333333333333
			57.6666666666667	-85.6666666666667
			57.3333333333333	-85.6666666666667
		</ventral_edge_of_antorbital_fenestra>
	</curves.scaled>
	<ruler.points type=matrix rownames=TRUE colnames=FALSE nrow=2 ncol=2 as.numeric=TRUE >
		Ruler point 1	276	337
		Ruler point 2	306	337
	</ruler.points>
</shapes>

